evil
154*117
0.0926*-3.6130|0|0
-184,2|840,2|1864,2|-184,770|840,770|1864,770|-184,1538|840,1538|1864,1538
Border: Passable




0

1|1|1|1|1|1|1|1|1|1|1|1|1|1|1|1|1|1|1|1|1|1|1|1|1|1|1|1|1|1|1|1|1|1|1|1|1|1|1|1|1|1|1|1|1|1|1|1|1|1|1|1|1|1|1|1|1|1|1|1|1|1|1|1|1|1|1|1|1|1|1|1|1|1|1|1|1|1|1|1|1|1|1|1|1|1|1|1|1|1|1|1|1|1|1|1|1|1|1|1|1|1|1|1|1|1|1|1|1|1|1|1|1|1|1|1|1|1|1,4,3|1|0,6|0,6|0,6|1|0,6|0,6|0,6|1|0,6|0,6|0,6|1|0,6|0,6|0,6|1|0,6|0,6|0,6|1|0,6|0,6|0,6|1|0,6|0,6|0,6|1|0,6|0,6|0,6|1|0,6|0,6|0,6|1|0,6|0,6|0,6|1|0,6|0,6|0,6|1|0,6|0,6|0,6|1|0,6|0,6|0,6|1|0,6|0,6|0,6|1|0,6|0,6|0,6|1|0,6|0,6|0,6|1|0,6|0,6|0,6|1|0,6|0,6|0,6|1|0,6|0,6|0,6|1|0,6|0,6|0,6|1|0,6|0,6|0,6|1|0,6|0,6|0,6|1|0,6|0,6|0,6|1|0,6|0,6|0,6|1|0,6|0,6|0,6|1|0,6|0,6|0,6|1|0,6|0,6|0,6|1|0,6|0,6|0,6|1|1,4,3|1|1|4,3,6|1|0,6|1|0,6|1|0,6|1|0,6|1|0,6|1|0,6|1|0,6|1|0,6|1|0,6|1|0,6|1|0,6|1|0,6|1|0,6|1|0,6|1|0,6|1|0,6|1|0,6|1|0,6|1|0,6|1|0,6|1|0,6|1|0,6|1|0,6|1|0,6|1|0,6|1|0,6|1|0,6|1|0,6|1|0,6|1|0,6|1|0,6|1|0,6|1|0,6|1|0,6|1|0,6|1|0,6|1|0,6|1|0,6|1|0,6|1|0,6|1|0,6|1|0,6|1|0,6|1|0,6|1|0,6|1|0,6|1|0,6|1|0,6|1|0,6|1|0,6|1|0,6|1|0,6|1|0,6|1|0,6|1|0,6|1|0,6|1|4,3,6|1|1|0,6|1|0,6|1|0,6|1|0,6|1|0,6|1|0,6|1|0,6|1|0,6|1|0,6|1|0,6|1|0,6|1|0,6|1|0,6|1|0,6|1|0,6|1|0,6|1|0,6|1|0,6|1|0,6|1|0,6|1|0,6|1|0,6|1|0,6|1|0,6|1|0,6|1|0,6|1|0,6|1|0,6|1|0,6|1|0,6|1|0,6|1|0,6|1|0,6|1|0,6|1|0,6|1|0,6|1|0,6|1|0,6|1|0,6|1|0,6|1|0,6|1|0,6|1|0,6|1|0,6|1|0,6|1|0,6|1|0,6|1|0,6|1|0,6|1|0,6|1|0,6|1|0,6|1|0,6|1|0,6|1|0,6|1|0,6|1|0,6|1|0,6|1|1|0,6|1|0,6|1|0,6|1|0,6|1|0,6|1|0,6|1|0,6|1|0,6|1|0,6|1|0,6|1|0,6|1|0,6|1|0,6|1|0,6|1|0,6|1|0,6|1|0,6|1|0,6|1|0,6|1|0,6|1|0,6|1|0,6|1|0,6|1|0,6|1|0,6|1|0,6|1|0,6|1|0,6|1|0,6|1|0,6|1|0,6|1|0,6|1|0,6|1|0,6|1|0,6|1|0,6|1|0,6|1|0,6|1|0,6|1|0,6|1|0,6|1|0,6|1|0,6|1|0,6|1|0,6|1|0,6|1|0,6|1|0,6|1|0,6|1|0,6|1|0,6|1|0,6|1|0,6|1|0,6|1|0,6|1|0,6|1|0,6|1|0,6|1|1|0,6|1|0,6|1|0,6|1|0,6|1|0,6|1|0,6|1|0,6|1|0,6|1|0,6|1|0,6|1|0,6|1|0,6|1|0,6|1|0,6|1|0,6|1|0,6|1|0,6|1|0,6|1|0,6|1|0,6|1|0,6|1|0,6|1|0,6|1|0,6|1|0,6|1|0,6|1|0,6|1|0,6|1|0,6|1|0,6|1|0,6|1|0,6|1|0,6|1|0,6|1|0,6|1|0,6|1|0,6|1|0,6|1|0,6|1|0,6|1|0,6|1|0,6|1|0,6|1|0,6|1|0,6|1|0,6|1|0,6|1|0,6|1|0,6|1|0,6|1|0,6|1|0,6|1|0,6|1|0,6|1|0,6|1|0,6|1|0,6|1|0,6|1|1|0,6|1|0,6|1|0,6|1|0,6|1|0,6|1|0,6|1|0,6|1|0,6|1|0,6|1|0,6|1|0,6|1|0,6|1|0,6|1|0,6|1|0,6|1|0,6|1|0,6|1|0,6|1|0,6|1|0,6|1|0,6|1|0,6|1|0,6|1|0,6|1|0,6|1|0,6|1|0,6|1|0,6|1|0,6|1|0,6|1|0,6|1|0,6|1|0,6|1|0,6|1|0,6|1|0,6|1|0,6|1|0,6|1|0,6|1|0,6|1|0,6|1|0,6|1|0,6|1|0,6|1|0,6|1|0,6|1|0,6|1|0,6|1|0,6|1|0,6|1|0,6|1|0,6|1|0,6|1|0,6|1|0,6|1|0,6|1|0,6|1|0,6|1|1|0,6|1|0,6|1|0,6|1|0,6|1|0,6|1|0,6|1|0,6|1|0,6|1|0,6|1|0,6|1|0,6|1|0,6|1|0,6|1|0,6|1|0,6|1|0,6|1|0,6|1|0,6|1|0,6|1|0,6|1|0,6|1|0,6|1|0,6|1|0,6|1|0,6|1|0,6|1|0,6|1|0,6|1|0,6|1|0,6|1|0,6|1|0,6|1|0,6|1|0,6|1|0,6|1|0,6|1|0,6|1|0,6|1|0,6|1|0,6|1|0,6|1|0,6|1|0,6|1|0,6|1|0,6|1|0,6|1|0,6|1|0,6|1|0,6|1|0,6|1|0,6|1|0,6|1|0,6|1|0,6|1|0,6|1|0,6|1|0,6|1|0,6|1|1|0,6|1|0,6|1|0,6|1|0,6|1|0,6|1|0,6|1|0,6|1|0,6|1|0,6|1|0,6|1|0,6|1|0,6|1|0,6|1|0,6|1|0,6|1|0,6|1|0,6|1|0,6|1|0,6|1|0,6|1|0,6|1|0,6|1|0,6|1|0,6|1|0,6|1|0,6|1|0,6|1|0,6|1|0,6|1|0,6|1|0,6|1|0,6|1|0,6|1|0,6|1|0,6|1|0,6|1|0,6|1|0,6|1|0,6|1|0,6|1|0,6|1|0,6|1|0,6|1|0,6|1|0,6|1|0,6|1|0,6|1|0,6|1|0,6|1|0,6|1|0,6|1|0,6|1|0,6|1|0,6|1|0,6|1|0,6|1|0,6|1|0,6|1|1|0,6|1|0,6|1|0,6|1|0,6|1|0,6|1|0,6|1|0,6|1|0,6|1|0,6|1|0,6|1|0,6|1|0,6|1|0,6|1|0,6|1|0,6|1|0,6|1|0,6|1|0,6|1|0,6|1|0,6|1|0,6|1|0,6|1|0,6|1|0,6|1|0,6|1|0,6|1|0,6|1|0,6|1|0,6|1|0,6|1|0,6|1|0,6|1|0,6|1|0,6|1|0,6|1|0,6|1|0,6|1|0,6|1|0,6|1|0,6|1|0,6|1|0,6|1|0,6|1|0,6|1|0,6|1|0,6|1|0,6|1|0,6|1|0,6|1|0,6|1|0,6|1|0,6|1|0,6|1|0,6|1|0,6|1|0,6|1|0,6|1|0,6|1|1|0,6|1|0,6|1|0,6|1|0,6|1|0,6|1|0,6|1|0,6|1|0,6|1|0,6|1|0,6|1|0,6|1|0,6|1|0,6|1|0,6|1|0,6|1|0,6|1|0,6|1|0,6|1|0,6|1|0,6|1|0,6|1|0,6|1|0,6|1|0,6|1|0,6|1|0,6|1|0,6|1|0,6|1|0,6|1|0,6|1|0,6|1|0,6|1|0,6|1|0,6|1|0,6|1|0,6|1|0,6|1|0,6|1|0,6|1|0,6|1|0,6|1|0,6|1|0,6|1|0,6|1|0,6|1|0,6|1|0,6|1|0,6|1|0,6|1|0,6|1|0,6|1|0,6|1|0,6|1|0,6|1|0,6|1|0,6|1|0,6|1|0,6|1|1|0,6|1|0,6|1|0,6|1|0,6|1|0,6|1|0,6|1|0,6|1|0,6|1|0,6|1|0,6|1|0,6|1|0,6|1|0,6|1|0,6|1|0,6|1|0,6|1|0,6|1|0,6|1|0,6|1|0,6|1|0,6|1|0,6|1|0,6|1|0,6|1|0,6|1|0,6|1|0,6|1|0,6|1|0,6|1|0,6|1|0,6|1|0,6|1|0,6|1|0,6|1|0,6|1|0,6|1|0,6|1|0,6|1|0,6|1|0,6|1|0,6|1|0,6|1|0,6|1|0,6|1|0,6|1|0,6|1|0,6|1|0,6|1|0,6|1|0,6|1|0,6|1|0,6|1|0,6|1|0,6|1|0,6|1|0,6|1|0,6|1|0,6|1|1|0,6|1|0,6|1|0,6|1|0,6|1|0,6|1|0,6|1|0,6|1|0,6|1|0,6|1|0,6|1|0,6|1|0,6|1|0,6|1|0,6|1|0,6|1|0,6|1|0,6|1|0,6|1|0,6|1|0,6|1|0,6|1|0,6|1|0,6|1|0,6|1|0,6|1|0,6|1|0,6|1|0,6|1|0,6|1|0,6|1|0,6|1|0,6|1|0,6|1|0,6|1|0,6|1|0,6|1|0,6|1|0,6|1|0,6|1|0,6|1|0,6|1|0,6|1|0,6|1|0,6|1|0,6|1|0,6|1|0,6|1|0,6|1|0,6|1|0,6|1|0,6|1|0,6|1|0,6|1|0,6|1|0,6|1|0,6|1|0,6|1|0,6|1|1|0,6|1|0,6|1|0,6|1|0,6|1|0,6|1|0,6|1|0,6|1|0,6|1|0,6|1|0,6|1|0,6|1|0,6|1|0,6|1|0,6|1|0,6|1|0,6|1|0,6|1|0,6|1|0,6|1|0,6|1|0,6|1|0,6|1|0,6|1|0,6|1|0,6|1|0,6|1|0,6|1|0,6|1|0,6|1|0,6|1|0,6|1|0,6|1|0,6|1|0,6|1|0,6|1|0,6|1|0,6|1|0,6|1|0,6|1|0,6|1|0,6|1|0,6|1|0,6|1|0,6|1|0,6|1|0,6|1|0,6|1|0,6|1|0,6|1|0,6|1|0,6|1|0,6|1|0,6|1|0,6|1|0,6|1|0,6|1|0,6|1|0,6|1|1|0,6|1|0,6|1|0,6|1|0,6|1|0,6|1|0,6|1|0,6|1|0,6|1|0,6|1|0,6|1|0,6|1|0,6|1|0,6|1|0,6|1|0,6|1|0,6|1|0,6|1|0,6|1|0,6|1|0,6|1|0,6|1|0,6|1|0,6|1|0,6|1|0,6|1|0,6|1|0,6|1|0,6|1|0,6|1|0,6|1|0,6|1|0,6|1|0,6|1|0,6|1|0,6|1|0,6|1|0,6|1|0,6|1|0,6|1|0,6|1|0,6|1|0,6|1|0,6|1|0,6|1|0,6|1|0,6|1|0,6|1|0,6|1|0,6|1|0,6|1|0,6|1|0,6|1|0,6|1|0,6|1|0,6|1|0,6|1|0,6|1|0,6|1|1|0,6|1|0,6|1|0,6|1|0,6|1|0,6|1|0,6|1|0,6|1|0,6|1|0,6|1|0,6|1|0,6|1|0,6|1|0,6|1|0,6|1|0,6|1|0,6|1|0,6|1|0,6|1|0,6|1|0,6|1|0,6|1|0,6|1|0,6|1|0,6|1|0,6|1|0,6|1|0,6|1|0,6|1|0,6|1|0,6|1|0,6|1|0,6|1|0,6|1|0,6|1|0,6|1|0,6|1|0,6|1|0,6|1|0,6|1|0,6|1|0,6|1|0,6|1|0,6|1|0,6|1|0,6|1|0,6|1|0,6|1|0,6|1|0,6|1|0,6|1|0,6|1|0,6|1|0,6|1|0,6|1|0,6|1|0,6|1|0,6|1|0,6|1|1|0,6|1|0,6|1|0,6|1|0,6|1|0,6|1|0,6|1|0,6|1|0,6|1|0,6|1|0,6|1|0,6|1|0,6|1|0,6|1|0,6|1|0,6|1|0,6|1|0,6|1|0,6|1|0,6|1|0,6|1|0,6|1|0,6|1|0,6|1|0,6|1|0,6|1|0,6|1|0,6|1|0,6|1|0,6|1|0,6|1|0,6|1|0,6|1|0,6|1|0,6|1|0,6|1|0,6|1|0,6|1|0,6|1|0,6|1|0,6|1|0,6|1|0,6|1|0,6|1|0,6|1|0,6|1|0,6|1|0,6|1|0,6|1|0,6|1|0,6|1|0,6|1|0,6|1|0,6|1|0,6|1|0,6|1|0,6|1|0,6|1|0,6|1|1|0,6|1|0,6|1|0,6|1|0,6|1|0,6|1|0,6|1|0,6|1|0,6|1|0,6|1|0,6|1|0,6|1|0,6|1|0,6|1|0,6|1|0,6|1|0,6|1|0,6|1|0,6|1|0,6|1|0,6|1|0,6|1|0,6|1|0,6|1|0,6|1|0,6|1|0,6|1|0,6|1|0,6|1|0,6|1|0,6|1|0,6|1|0,6|1|0,6|1|0,6|1|0,6|1|0,6|1|0,6|1|0,6|1|0,6|1|0,6|1|0,6|1|0,6|1|0,6|1|0,6|1|0,6|1|0,6|1|0,6|1|0,6|1|0,6|1|0,6|1|0,6|1|0,6|1|0,6|1|0,6|1|0,6|1|0,6|1|0,6|1|0,6|1|1|0,6|1|0,6|1|0,6|1|0,6|1|0,6|1|0,6|1|0,6|1|0,6|1|0,6|1|0,6|1|0,6|1|0,6|1|0,6|1|0,6|1|0,6|1|0,6|1|0,6|1|0,6|1|0,6|1|0,6|1|0,6|1|0,6|1|0,6|1|0,6|1|0,6|1|0,6|1|0,6|1|0,6|1|0,6|1|0,6|1|0,6|1|0,6|1|0,6|1|0,6|1|0,6|1|0,6|1|0,6|1|0,6|1|0,6|1|0,6|1|0,6|1|0,6|1|0,6|1|0,6|1|0,6|1|0,6|1|0,6|1|0,6|1|0,6|1|0,6|1|0,6|1|0,6|1|0,6|1|0,6|1|0,6|1|0,6|1|0,6|1|0,6|1|1|0,6|1|0,6|1|0,6|1|0,6|1|0,6|1|0,6|1|0,6|1|0,6|1|0,6|1|0,6|1|0,6|1|0,6|1|0,6|1|0,6|1|0,6|1|0,6|1|0,6|1|0,6|1|0,6|1|0,6|1|0,6|1|0,6|1|0,6|1|0,6|1|0,6|1|0,6|1|0,6|1|0,6|1|0,6|1|0,6|1|0,6|1|0,6|1|0,6|1|0,6|1|0,6|1|0,6|1|0,6|1|0,6|1|0,6|1|0,6|1|0,6|1|0,6|1|0,6|1|0,6|1|0,6|1|0,6|1|0,6|1|0,6|1|0,6|1|0,6|1|0,6|1|0,6|1|0,6|1|0,6|1|0,6|1|0,6|1|0,6|1|0,6|1|1|0,6|1|0,6|1|0,6|1|0,6|1|0,6|1|0,6|1|0,6|1|0,6|1|0,6|1|0,6|1|0,6|1|0,6|1|0,6|1|0,6|1|0,6|1|0,6|1|0,6|1|0,6|1|0,6|1|0,6|1|0,6|1|0,6|1|0,6|1|0,6|1|0,6|1|0,6|1|0,6|1|0,6|1|0,6|1|0,6|1|0,6|1|0,6|1|0,6|1|0,6|1|0,6|1|0,6|1|0,6|1|0,6|1|0,6|1|0,6|1|0,6|1|0,6|1|0,6|1|0,6|1|0,6|1|0,6|1|0,6|1|0,6|1|0,6|1|0,6|1|0,6|1|0,6|1|0,6|1|0,6|1|0,6|1|0,6|1|0,6|1|0,6|1|1|0,6|1|0,6|1|0,6|1|0,6|1|0,6|1|0,6|1|0,6|1|0,6|1|0,6|1|0,6|1|0,6|1|0,6|1|0,6|1|0,6|1|0,6|1|0,6|1|0,6|1|0,6|1|0,6|1|0,6|1|0,6|1|0,6|1|0,6|1|0,6|1|0,6|1|0,6|1|0,6|1|0,6|1|0,6|1|0,6|1|0,6|1|0,6|1|0,6|1|0,6|1|0,6|1|0,6|1|0,6|1|0,6|1|0,6|1|0,6|1|0,6|1|0,6|1|0,6|1|0,6|1|0,6|1|0,6|1|0,6|1|0,6|1|0,6|1|0,6|1|0,6|1|0,6|1|0,6|1|0,6|1|0,6|1|0,6|1|0,6|1|0,6|1|1|0,6|1|0,6|1|0,6|1|0,6|1|0,6|1|0,6|1|0,6|1|0,6|1|0,6|1|0,6|1|0,6|1|0,6|1|0,6|1|0,6|1|0,6|1|0,6|1|0,6|1|0,6|1|0,6|1|0,6|1|0,6|1|0,6|1|0,6|1|0,6|1|0,6|1|0,6|1|0,6|1|0,6|1|0,6|1|0,6|1|0,6|1|0,6|1|0,6|1|0,6|1|0,6|1|0,6|1|0,6|1|0,6|1|0,6|1|0,6|1|0,6|1|0,6|1|0,6|1|0,6|1|0,6|1|0,6|1|0,6|1|0,6|1|0,6|1|0,6|1|0,6|1|0,6|1|0,6|1|0,6|1|0,6|1|0,6|1|0,6|1|0,6|1|1|0,6|1|0,6|1|0,6|1|0,6|1|0,6|1|0,6|1|0,6|1|0,6|1|0,6|1|0,6|1|0,6|1|0,6|1|0,6|1|0,6|1|0,6|1|0,6|1|0,6|1|0,6|1|0,6|1|0,6|1|0,6|1|0,6|1|0,6|1|0,6|1|0,6|1|0,6|1|0,6|1|0,6|1|0,6|1|0,6|1|0,6|1|0,6|1|0,6|1|0,6|1|0,6|1|0,6|1|0,6|1|0,6|1|0,6|1|0,6|1|0,6|1|0,6|1|0,6|1|0,6|1|0,6|1|0,6|1|0,6|1|0,6|1|0,6|1|0,6|1|0,6|1|0,6|1|0,6|1|0,6|1|0,6|1|0,6|1|0,6|1|0,6|1|1|0,6|1|0,6|1|0,6|1|0,6|1|0,6|1|0,6|1|0,6|1|0,6|1|0,6|1|0,6|1|0,6|1|0,6|1|0,6|1|0,6|1|0,6|1|0,6|1|0,6|1|0,6|1|0,6|1|0,6|1|0,6|1|0,6|1|0,6|1|0,6|1|0,6|1|0,6|1|0,6|1|0,6|1|0,6|1|0,6|1|0,6|1|0,6|1|0,6|1|0,6|1|0,6|1|0,6|1|0,6|1|0,6|1|0,6|1|0,6|1|0,6|1|0,6|1|0,6|1|0,6|1|0,6|1|0,6|1|0,6|1|0,6|1|0,6|1|0,6|1|0,6|1|0,6|1|0,6|1|0,6|1|0,6|1|0,6|1|0,6|1|0,6|1|1|0,6|1|0,6|1|0,6|1|0,6|1|0,6|1|0,6|1|0,6|1|0,6|1|0,6|1|0,6|1|0,6|1|0,6|1|0,6|1|0,6|1|0,6|1|0,6|1|0,6|1|0,6|1|0,6|1|0,6|1|0,6|1|0,6|1|0,6|1|0,6|1|0,6|1|0,6|1|0,6|1|0,6|1|0,6|1|0,6|1|0,6|1|0,6|1|0,6|1|0,6|1|0,6|1|0,6|1|0,6|1|0,6|1|0,6|1|0,6|1|0,6|1|0,6|1|0,6|1|0,6|1|0,6|1|0,6|1|0,6|1|0,6|1|0,6|1|0,6|1|0,6|1|0,6|1|0,6|1|0,6|1|0,6|1|0,6|1|0,6|1|0,6|1|1|0,6|1|0,6|1|0,6|1|0,6|1|0,6|1|0,6|1|0,6|1|0,6|1|0,6|1|0,6|1|0,6|1|0,6|1|0,6|1|0,6|1|0,6|1|0,6|1|0,6|1|0,6|1|0,6|1|0,6|1|0,6|1|0,6|1|0,6|1|0,6|1|0,6|1|0,6|1|0,6|1|0,6|1|0,6|1|0,6|1|0,6|1|0,6|1|0,6|1|0,6|1|0,6|1|0,6|1|0,6|1|0,6|1|0,6|1|0,6|1|0,6|1|0,6|1|0,6|1|0,6|1|0,6|1|0,6|1|0,6|1|0,6|1|0,6|1|0,6|1|0,6|1|0,6|1|0,6|1|0,6|1|0,6|1|0,6|1|0,6|1|0,6|1|1|0,6|1|0,6|1|0,6|1|0,6|1|0,6|1|0,6|1|0,6|1|0,6|1|0,6|1|0,6|1|0,6|1|0,6|1|0,6|1|0,6|1|0,6|1|0,6|1|0,6|1|0,6|1|0,6|1|0,6|1|0,6|1|0,6|1|0,6|1|0,6|1|0,6|1|0,6|1|0,6|1|0,6|1|0,6|1|0,6|1|0,6|1|0,6|1|0,6|1|0,6|1|0,6|1|0,6|1|0,6|1|0,6|1|0,6|1|0,6|1|0,6|1|0,6|1|0,6|1|0,6|1|0,6|1|0,6|1|0,6|1|0,6|1|0,6|1|0,6|1|0,6|1|0,6|1|0,6|1|0,6|1|0,6|1|0,6|1|0,6|1|0,6|1|1|0,6|1|0,6|1|0,6|1|0,6|1|0,6|1|0,6|1|0,6|1|0,6|1|0,6|1|0,6|1|0,6|1|0,6|1|0,6|1|0,6|1|0,6|1|0,6|1|0,6|1|0,6|1|0,6|1|0,6|1|0,6|1|0,6|1|0,6|1|0,6|1|0,6|1|0,6|1|0,6|1|0,6|1|0,6|1|0,6|1|0,6|1|0,6|1|0,6|1|0,6|1|0,6|1|0,6|1|0,6|1|0,6|1|0,6|1|0,6|1|0,6|1|0,6|1|0,6|1|0,6|1|0,6|1|0,6|1|0,6|1|0,6|1|0,6|1|0,6|1|0,6|1|0,6|1|0,6|1|0,6|1|0,6|1|0,6|1|0,6|1|0,6|1|1|0,6|1|0,6|1|0,6|1|0,6|1|0,6|1|0,6|1|0,6|1|0,6|1|0,6|1|0,6|1|0,6|1|0,6|1|0,6|1|0,6|1|0,6|1|0,6|1|0,6|1|0,6|1|0,6|1|0,6|1|0,6|1|0,6|1|0,6|1|0,6|1|0,6|1|0,6|1|0,6|1|0,6|1|0,6|1|0,6|1|0,6|1|0,6|1|0,6|1|0,6|1|0,6|1|0,6|1|0,6|1|0,6|1|0,6|1|0,6|1|0,6|1|0,6|1|0,6|1|0,6|1|0,6|1|0,6|1|0,6|1|0,6|1|0,6|1|0,6|1|0,6|1|0,6|1|0,6|1|0,6|1|0,6|1|0,6|1|0,6|1|0,6|1|1|0,6|1|0,6|1|0,6|1|0,6|1|0,6|1|0,6|1|0,6|1|0,6|1|0,6|1|0,6|1|0,6|1|0,6|1|0,6|1|0,6|1|0,6|1|0,6|1|0,6|1|0,6|1|0,6|1|0,6|1|0,6|1|0,6|1|0,6|1|0,6|1|0,6|1|0,6|1|0,6|1|0,6|1|0,6|1|0,6|1|0,6|1|0,6|1|0,6|1|0,6|1|0,6|1|0,6|1|0,6|1|0,6|1|0,6|1|0,6|1|0,6|1|0,6|1|0,6|1|0,6|1|0,6|1|0,6|1|0,6|1|0,6|1|0,6|1|0,6|1|0,6|1|0,6|1|0,6|1|0,6|1|0,6|1|0,6|1|0,6|1|0,6|1|1|0,6|1|0,6|1|0,6|1|0,6|1|0,6|1|0,6|1|0,6|1|0,6|1|0,6|1|0,6|1|0,6|1|0,6|1|0,6|1|0,6|1|0,6|1|0,6|1|0,6|1|0,6|1|0,6|1|0,6|1|0,6|1|0,6|1|0,6|1|0,6|1|0,6|1|0,6|1|0,6|1|0,6|1|0,6|1|0,6|1|0,6|1|0,6|1|0,6|1|0,6|1|0,6|1|0,6|1|0,6|1|0,6|1|0,6|1|0,6|1|0,6|1|0,6|1|0,6|1|0,6|1|0,6|1|0,6|1|0,6|1|0,6|1|0,6|1|0,6|1|0,6|1|0,6|1|0,6|1|0,6|1|0,6|1|0,6|1|0,6|1|0,6|1|1|0,6|1|0,6|1|0,6|1|0,6|1|0,6|1|0,6|1|0,6|1|0,6|1|0,6|1|0,6|1|0,6|1|0,6|1|0,6|1|0,6|1|0,6|1|0,6|1|0,6|1|0,6|1|0,6|1|0,6|1|0,6|1|0,6|1|0,6|1|0,6|1|0,6|1|0,6|1|0,6|1|0,6|1|0,6|1|0,6|1|0,6|1|0,6|1|0,6|1|0,6|1|0,6|1|0,6|1|0,6|1|0,6|1|0,6|1|0,6|1|0,6|1|0,6|1|0,6|1|0,6|1|0,6|1|0,6|1|0,6|1|0,6|1|0,6|1|0,6|1|0,6|1|0,6|1|0,6|1|0,6|1|0,6|1|0,6|1|0,6|1|0,6|1|1|0,6|1|0,6|1|0,6|1|0,6|1|0,6|1|0,6|1|0,6|1|0,6|1|0,6|1|0,6|1|0,6|1|0,6|1|0,6|1|0,6|1|0,6|1|0,6|1|0,6|1|0,6|1|0,6|1|0,6|1|0,6|1|0,6|1|0,6|1|0,6|1|0,6|1|0,6|1|0,6|1|0,6|1|0,6|1|0,6|1|0,6|1|0,6|1|0,6|1|0,6|1|0,6|1|0,6|1|0,6|1|0,6|1|0,6|1|0,6|1|0,6|1|0,6|1|0,6|1|0,6|1|0,6|1|0,6|1|0,6|1|0,6|1|0,6|1|0,6|1|0,6|1|0,6|1|0,6|1|0,6|1|0,6|1|0,6|1|0,6|1|0,6|1|1|0,6|1|0,6|1|0,6|1|0,6|1|0,6|1|0,6|1|0,6|1|0,6|1|0,6|1|0,6|1|0,6|1|0,6|1|0,6|1|0,6|1|0,6|1|0,6|1|0,6|1|0,6|1|0,6|1|0,6|1|0,6|1|0,6|1|0,6|1|0,6|1|0,6|1|0,6|1|0,6|1|0,6|1|0,6|1|0,6|1|0,6|1|0,6|1|0,6|1|0,6|1|0,6|1|0,6|1|0,6|1|0,6|1|0,6|1|0,6|1|0,6|1|0,6|1|0,6|1|0,6|1|0,6|1|0,6|1|0,6|1|0,6|1|0,6|1|0,6|1|0,6|1|0,6|1|0,6|1|0,6|1|0,6|1|0,6|1|0,6|1|0,6|1|1|0,6|1|0,6|1|0,6|1|0,6|1|0,6|1|0,6|1|0,6|1|0,6|1|0,6|1|0,6|1|0,6|1|0,6|1|0,6|1|0,6|1|0,6|1|0,6|1|0,6|1|0,6|1|0,6|1|0,6|1|0,6|1|0,6|1|0,6|1|0,6|1|0,6|1|0,6|1|0,6|1|0,6|1|0,6|1|0,6|1|0,6|1|0,6|1|0,6|1|0,6|1|0,6|1|0,6|1|0,6|1|0,6|1|0,6|1|0,6|1|0,6|1|0,6|1|0,6|1|0,6|1|0,6|1|0,6|1|0,6|1|0,6|1|0,6|1|0,6|1|0,6|1|0,6|1|0,6|1|0,6|1|0,6|1|0,6|1|0,6|1|0,6|1|1|0,6|1|0,6|1|0,6|1|0,6|1|0,6|1|0,6|1|0,6|1|0,6|1|0,6|1|0,6|1|0,6|1|0,6|1|0,6|1|0,6|1|0,6|1|0,6|1|0,6|1|0,6|1|0,6|1|0,6|1|0,6|1|0,6|1|0,6|1|0,6|1|0,6|1|0,6|1|0,6|1|0,6|1|0,6|1|0,6|1|0,6|1|0,6|1|0,6|1|0,6|1|0,6|1|0,6|1|0,6|1|0,6|1|0,6|1|0,6|1|0,6|1|0,6|1|0,6|1|0,6|1|0,6|1|0,6|1|0,6|1|0,6|1|0,6|1|0,6|1|0,6|1|0,6|1|0,6|1|0,6|1|0,6|1|0,6|1|0,6|1|0,6|1|1|0,6|1|0,6|1|0,6|1|0,6|1|0,6|1|0,6|1|0,6|1|0,6|1|0,6|1|0,6|1|0,6|1|0,6|1|0,6|1|0,6|1|0,6|1|0,6|1|0,6|1|0,6|1|0,6|1|0,6|1|0,6|1|0,6|1|0,6|1|0,6|1|0,6|1|0,6|1|0,6|1|0,6|1|0,6|1|0,6|1|0,6|1|0,6|1|0,6|1|0,6|1|0,6|1|0,6|1|0,6|1|0,6|1|0,6|1|0,6|1|0,6|1|0,6|1|0,6|1|0,6|1|0,6|1|0,6|1|0,6|1|0,6|1|0,6|1|0,6|1|0,6|1|0,6|1|0,6|1|0,6|1|0,6|1|0,6|1|0,6|1|0,6|1|1|0,6|1|0,6|1|0,6|1|0,6|1|0,6|1|0,6|1|0,6|1|0,6|1|0,6|1|0,6|1|0,6|1|0,6|1|0,6|1|0,6|1|0,6|1|0,6|1|0,6|1|0,6|1|0,6|1|0,6|1|0,6|1|0,6|1|0,6|1|0,6|1|0,6|1|0,6|1|0,6|1|0,6|1|0,6|1|0,6|1|0,6|1|0,6|1|0,6|1|0,6|1|0,6|1|0,6|1|0,6|1|0,6|1|0,6|1|0,6|1|0,6|1|0,6|1|0,6|1|0,6|1|0,6|1|0,6|1|0,6|1|0,6|1|0,6|1|0,6|1|0,6|1|0,6|1|0,6|1|0,6|1|0,6|1|0,6|1|0,6|1|0,6|1|1|0,6|1|0,6|1|0,6|1|0,6|1|0,6|1|0,6|1|0,6|1|0,6|1|0,6|1|0,6|1|0,6|1|0,6|1|0,6|1|0,6|1|0,6|1|0,6|1|0,6|1|0,6|1|0,6|1|0,6|1|0,6|1|0,6|1|0,6|1|0,6|1|0,6|1|0,6|1|0,6|1|0,6|1|0,6|1|0,6|1|0,6|1|0,6|1|0,6|1|0,6|1|0,6|1|0,6|1|0,6|1|0,6|1|0,6|1|0,6|1|0,6|1|0,6|1|0,6|1|0,6|1|0,6|1|0,6|1|0,6|1|0,6|1|0,6|1|0,6|1|0,6|1|0,6|1|0,6|1|0,6|1|0,6|1|0,6|1|0,6|1|0,6|1|1|0,6|1|0,6|1|0,6|1|0,6|1|0,6|1|0,6|1|0,6|1|0,6|1|0,6|1|0,6|1|0,6|1|0,6|1|0,6|1|0,6|1|0,6|1|0,6|1|0,6|1|0,6|1|0,6|1|0,6|1|0,6|1|0,6|1|0,6|1|0,6|1|0,6|1|0,6|1|0,6|1|0,6|1|0,6|1|0,6|1|0,6|1|0,6|1|0,6|1|0,6|1|0,6|1|0,6|1|0,6|1|0,6|1|0,6|1|0,6|1|0,6|1|0,6|1|0,6|1|0,6|1|0,6|1|0,6|1|0,6|1|0,6|1|0,6|1|0,6|1|0,6|1|0,6|1|0,6|1|0,6|1|0,6|1|0,6|1|0,6|1|0,6|1|1|0,6|1|0,6|1|0,6|1|0,6|1|0,6|1|0,6|1|0,6|1|0,6|1|0,6|1|0,6|1|0,6|1|0,6|1|0,6|1|0,6|1|0,6|1|0,6|1|0,6|1|0,6|1|0,6|1|0,6|1|0,6|1|0,6|1|0,6|1|0,6|1|0,6|1|0,6|1|0,6|1|0,6|1|0,6|1|0,6|1|0,6|1|0,6|1|0,6|1|0,6|1|0,6|1|0,6|1|0,6|1|0,6|1|0,6|1|0,6|1|0,6|1|0,6|1|0,6|1|0,6|1|0,6|1|0,6|1|0,6|1|0,6|1|0,6|1|0,6|1|0,6|1|0,6|1|0,6|1|0,6|1|0,6|1|0,6|1|0,6|1|0,6|1|1|0,6|1|0,6|1|0,6|1|0,6|1|0,6|1|0,6|1|0,6|1|0,6|1|0,6|1|0,6|1|0,6|1|0,6|1|0,6|1|0,6|1|0,6|1|0,6|1|0,6|1|0,6|1|0,6|1|0,6|1|0,6|1|0,6|1|0,6|1|0,6|1|0,6|1|0,6|1|0,6|1|0,6|1|0,6|1|0,6|1|0,6|1|0,6|1|0,6|1|0,6|1|0,6|1|0,6|1|0,6|1|0,6|1|0,6|1|0,6|1|0,6|1|0,6|1|0,6|1|0,6|1|0,6|1|0,6|1|0,6|1|0,6|1|0,6|1|0,6|1|0,6|1|0,6|1|0,6|1|0,6|1|0,6|1|0,6|1|0,6|1|0,6|1|1|0,6|1|0,6|1|0,6|1|0,6|1|0,6|1|0,6|1|0,6|1|0,6|1|0,6|1|0,6|1|0,6|1|0,6|1|0,6|1|0,6|1|0,6|1|0,6|1|0,6|1|0,6|1|0,6|1|0,6|1|0,6|1|0,6|1|0,6|1|0,6|1|0,6|1|0,6|1|0,6|1|0,6|1|0,6|1|0,6|1|0,6|1|0,6|1|0,6|1|0,6|1|0,6|1|0,6|1|0,6|1|0,6|1|0,6|1|0,6|1|0,6|1|0,6|1|0,6|1|0,6|1|0,6|1|0,6|1|0,6|1|0,6|1|0,6|1|0,6|1|0,6|1|0,6|1|0,6|1|0,6|1|0,6|1|0,6|1|0,6|1|0,6|1|1|0,6|1|0,6|1|0,6|1|0,6|1|0,6|1|0,6|1|0,6|1|0,6|1|0,6|1|0,6|1|0,6|1|0,6|1|0,6|1|0,6|1|0,6|1|0,6|1|0,6|1|0,6|1|0,6|1|0,6|1|0,6|1|0,6|1|0,6|1|0,6|1|0,6|1|0,6|1|0,6|1|0,6|1|0,6|1|0,6|1|0,6|1|0,6|1|0,6|1|0,6|1|0,6|1|0,6|1|0,6|1|0,6|1|0,6|1|0,6|1|0,6|1|0,6|1|0,6|1|0,6|1|0,6|1|0,6|1|0,6|1|0,6|1|0,6|1|0,6|1|0,6|1|0,6|1|0,6|1|0,6|1|0,6|1|0,6|1|0,6|1|0,6|1|1|0,6|1|0,6|1|0,6|1|0,6|1|0,6|1|0,6|1|0,6|1|0,6|1|0,6|1|0,6|1|0,6|1|0,6|1|0,6|1|0,6|1|0,6|1|0,6|1|0,6|1|0,6|1|0,6|1|0,6|1|0,6|1|0,6|1|0,6|1|0,6|1|0,6|1|0,6|1|0,6|1|0,6|1|0,6|1|0,6|1|0,6|1|0,6|1|0,6|1|0,6|1|0,6|1|0,6|1|0,6|1|0,6|1|0,6|1|0,6|1|0,6|1|0,6|1|0,6|1|0,6|1|0,6|1|0,6|1|0,6|1|0,6|1|0,6|1|0,6|1|0,6|1|0,6|1|0,6|1|0,6|1|0,6|1|0,6|1|0,6|1|0,6|1|1|0,6|1|0,6|1|0,6|1|0,6|1|0,6|1|0,6|1|0,6|1|0,6|1|0,6|1|0,6|1|0,6|1|0,6|1|0,6|1|0,6|1|0,6|1|0,6|1|0,6|1|0,6|1|0,6|1|0,6|1|0,6|1|0,6|1|0,6|1|0,6|1|0,6|1|0,6|1|0,6|1|0,6|1|0,6|1|0,6|1|0,6|1|0,6|1|0,6|1|0,6|1|0,6|1|0,6|1|0,6|1|0,6|1|0,6|1|0,6|1|0,6|1|0,6|1|0,6|1|0,6|1|0,6|1|0,6|1|0,6|1|0,6|1|0,6|1|0,6|1|0,6|1|0,6|1|0,6|1|0,6|1|0,6|1|0,6|1|0,6|1|0,6|1|1|0,6|1|0,6|1|0,6|1|0,6|1|0,6|1|0,6|1|0,6|1|0,6|1|0,6|1|0,6|1|0,6|1|0,6|1|0,6|1|0,6|1|0,6|1|0,6|1|0,6|1|0,6|1|0,6|1|0,6|1|0,6|1|0,6|1|0,6|1|0,6|1|0,6|1|0,6|1|0,6|1|0,6|1|0,6|1|0,6|1|0,6|1|0,6|1|0,6|1|0,6|1|0,6|1|0,6|1|0,6|1|0,6|1|0,6|1|0,6|1|0,6|1|0,6|1|0,6|1|0,6|1|0,6|1|0,6|1|0,6|1|0,6|1|0,6|1|0,6|1|0,6|1|0,6|1|0,6|1|0,6|1|0,6|1|0,6|1|0,6|1|0,6|1|1|0,6|1|0,6|1|0,6|1|0,6|1|0,6|1|0,6|1|0,6|1|0,6|1|0,6|1|0,6|1|0,6|1|0,6|1|0,6|1|0,6|1|0,6|1|0,6|1|0,6|1|0,6|1|0,6|1|0,6|1|0,6|1|0,6|1|0,6|1|0,6|1|0,6|1|0,6|1|0,6|1|0,6|1|0,6|1|0,6|1|0,6|1|0,6|1|0,6|1|0,6|1|0,6|1|0,6|1|0,6|1|0,6|1|0,6|1|0,6|1|0,6|1|0,6|1|0,6|1|0,6|1|0,6|1|0,6|1|0,6|1|0,6|1|0,6|1|0,6|1|0,6|1|0,6|1|0,6|1|0,6|1|0,6|1|0,6|1|0,6|1|0,6|1|1|0,6|1|0,6|1|0,6|1|0,6|1|0,6|1|0,6|1|0,6|1|0,6|1|0,6|1|0,6|1|0,6|1|0,6|1|0,6|1|0,6|1|0,6|1|0,6|1|0,6|1|0,6|1|0,6|1|0,6|1|0,6|1|0,6|1|0,6|1|0,6|1|0,6|1|0,6|1|0,6|1|0,6|1|0,6|1|0,6|1|0,6|1|0,6|1|0,6|1|0,6|1|0,6|1|0,6|1|0,6|1|0,6|1|0,6|1|0,6|1|0,6|1|0,6|1|0,6|1|0,6|1|0,6|1|0,6|1|0,6|1|0,6|1|0,6|1|0,6|1|0,6|1|0,6|1|0,6|1|0,6|1|0,6|1|0,6|1|0,6|1|0,6|1|1|0,6|1|0,6|1|0,6|1|0,6|1|0,6|1|0,6|1|0,6|1|0,6|1|0,6|1|0,6|1|0,6|1|0,6|1|0,6|1|0,6|1|0,6|1|0,6|1|0,6|1|0,6|1|0,6|1|0,6|1|0,6|1|0,6|1|0,6|1|0,6|1|0,6|1|0,6|1|0,6|1|0,6|1|0,6|1|0,6|1|0,6|1|0,6|1|0,6|1|0,6|1|0,6|1|0,6|1|0,6|1|0,6|1|0,6|1|0,6|1|0,6|1|0,6|1|0,6|1|0,6|1|0,6|1|0,6|1|0,6|1|0,6|1|0,6|1|0,6|1|0,6|1|0,6|1|0,6|1|0,6|1|0,6|1|0,6|1|0,6|1|0,6|1|1|0,6|1|0,6|1|0,6|1|0,6|1|0,6|1|0,6|1|0,6|1|0,6|1|0,6|1|0,6|1|0,6|1|0,6|1|0,6|1|0,6|1|0,6|1|0,6|1|0,6|1|0,6|1|0,6|1|0,6|1|0,6|1|0,6|1|0,6|1|0,6|1|0,6|1|0,6|1|0,6|1|0,6|1|0,6|1|0,6|1|0,6|1|0,6|1|0,6|1|0,6|1|0,6|1|0,6|1|0,6|1|0,6|1|0,6|1|0,6|1|0,6|1|0,6|1|0,6|1|0,6|1|0,6|1|0,6|1|0,6|1|0,6|1|0,6|1|0,6|1|0,6|1|0,6|1|0,6|1|0,6|1|0,6|1|0,6|1|0,6|1|0,6|1|1|0,6|1|0,6|1|0,6|1|0,6|1|0,6|1|0,6|1|0,6|1|0,6|1|0,6|1|0,6|1|0,6|1|0,6|1|0,6|1|0,6|1|0,6|1|0,6|1|0,6|1|0,6|1|0,6|1|0,6|1|0,6|1|0,6|1|0,6|1|0,6|1|0,6|1|0,6|1|0,6|1|0,6|1|0,6|1|0,6|1|0,6|1|0,6|1|0,6|1|0,6|1|0,6|1|0,6|1|0,6|1|0,6|1|0,6|1|0,6|1|0,6|1|0,6|1|0,6|1|0,6|1|0,6|1|0,6|1|0,6|1|0,6|1|0,6|1|0,6|1|0,6|1|0,6|1|0,6|1|0,6|1|0,6|1|0,6|1|0,6|1|0,6|1|1|0,6|1|0,6|1|0,6|1|0,6|1|0,6|1|0,6|1|0,6|1|0,6|1|0,6|1|0,6|1|0,6|1|0,6|1|0,6|1|0,6|1|0,6|1|0,6|1|0,6|1|0,6|1|0,6|1|0,6|1|0,6|1|0,6|1|0,6|1|0,6|1|0,6|1|0,6|1|0,6|1|0,6|1|0,6|1|0,6|1|0,6|1|0,6|1|0,6|1|0,6|1|0,6|1|0,6|1|0,6|1|0,6|1|0,6|1|0,6|1|0,6|1|0,6|1|0,6|1|0,6|1|0,6|1|0,6|1|0,6|1|0,6|1|0,6|1|0,6|1|0,6|1|0,6|1|0,6|1|0,6|1|0,6|1|0,6|1|0,6|1|0,6|1|1|0,6|1|0,6|1|0,6|1|0,6|1|0,6|1|0,6|1|0,6|1|0,6|1|0,6|1|0,6|1|0,6|1|0,6|1|0,6|1|0,6|1|0,6|1|0,6|1|0,6|1|0,6|1|0,6|1|0,6|1|0,6|1|0,6|1|0,6|1|0,6|1|0,6|1|0,6|1|0,6|1|0,6|1|0,6|1|0,6|1|0,6|1|0,6|1|0,6|1|0,6|1|0,6|1|0,6|1|0,6|1|0,6|1|0,6|1|0,6|1|0,6|1|0,6|1|0,6|1|0,6|1|0,6|1|0,6|1|0,6|1|0,6|1|0,6|1|0,6|1|0,6|1|0,6|1|0,6|1|0,6|1|0,6|1|0,6|1|0,6|1|0,6|1|1|0,6|1|0,6|1|0,6|1|0,6|1|0,6|1|0,6|1|0,6|1|0,6|1|0,6|1|0,6|1|0,6|1|0,6|1|0,6|1|0,6|1|0,6|1|0,6|1|0,6|1|0,6|1|0,6|1|0,6|1|0,6|1|0,6|1|0,6|1|0,6|1|0,6|1|0,6|1|0,6|1|0,6|1|0,6|1|0,6|1|0,6|1|0,6|1|0,6|1|0,6|1|0,6|1|0,6|1|0,6|1|0,6|1|0,6|1|0,6|1|0,6|1|0,6|1|0,6|1|0,6|1|0,6|1|0,6|1|0,6|1|0,6|1|0,6|1|0,6|1|0,6|1|0,6|1|0,6|1|0,6|1|0,6|1|0,6|1|0,6|1|0,6|1|1|0,6|1|0,6|1|0,6|1|0,6|1|0,6|1|0,6|1|0,6|1|0,6|1|0,6|1|0,6|1|0,6|1|0,6|1|0,6|1|0,6|1|0,6|1|0,6|1|0,6|1|0,6|1|0,6|1|0,6|1|0,6|1|0,6|1|0,6|1|0,6|1|0,6|1|0,6|1|0,6|1|0,6|1|0,6|1|0,6|1|0,6|1|0,6|1|0,6|1|0,6|1|0,6|1|0,6|1|0,6|1|0,6|1|0,6|1|0,6|1|0,6|1|0,6|1|0,6|1|0,6|1|0,6|1|0,6|1|0,6|1|0,6|1|0,6|1|0,6|1|0,6|1|0,6|1|0,6|1|0,6|1|0,6|1|0,6|1|0,6|1|0,6|1|1|0,6|1|0,6|1|0,6|1|0,6|1|0,6|1|0,6|1|0,6|1|0,6|1|0,6|1|0,6|1|0,6|1|0,6|1|0,6|1|0,6|1|0,6|1|0,6|1|0,6|1|0,6|1|0,6|1|0,6|1|0,6|1|0,6|1|0,6|1|0,6|1|0,6|1|0,6|1|0,6|1|0,6|1|0,6|1|0,6|1|0,6|1|0,6|1|0,6|1|0,6|1|0,6|1|0,6|1|0,6|1|0,6|1|0,6|1|0,6|1|0,6|1|0,6|1|0,6|1|0,6|1|0,6|1|0,6|1|0,6|1|0,6|1|0,6|1|0,6|1|0,6|1|0,6|1|0,6|1|0,6|1|0,6|1|0,6|1|0,6|1|0,6|1|1|0,6|1|0,6|1|0,6|1|0,6|1|0,6|1|0,6|1|0,6|1|0,6|1|0,6|1|0,6|1|0,6|1|0,6|1|0,6|1|0,6|1|0,6|1|0,6|1|0,6|1|0,6|1|0,6|1|0,6|1|0,6|1|0,6|1|0,6|1|0,6|1|0,6|1|0,6|1|0,6|1|0,6|1|0,6|1|0,6|1|0,6|1|0,6|1|0,6|1|0,6|1|0,6|1|0,6|1|0,6|1|0,6|1|0,6|1|0,6|1|0,6|1|0,6|1|0,6|1|0,6|1|0,6|1|0,6|1|0,6|1|0,6|1|0,6|1|0,6|1|0,6|1|0,6|1|0,6|1|0,6|1|0,6|1|0,6|1|0,6|1|0,6|1|1|0,6|1|0,6|1|0,6|1|0,6|1|0,6|1|0,6|1|0,6|1|0,6|1|0,6|1|0,6|1|0,6|1|0,6|1|0,6|1|0,6|1|0,6|1|0,6|1|0,6|1|0,6|1|0,6|1|0,6|1|0,6|1|0,6|1|0,6|1|0,6|1|0,6|1|0,6|1|0,6|1|0,6|1|0,6|1|0,6|1|0,6|1|0,6|1|0,6|1|0,6|1|0,6|1|0,6|1|0,6|1|0,6|1|0,6|1|0,6|1|0,6|1|0,6|1|0,6|1|0,6|1|0,6|1|0,6|1|0,6|1|0,6|1|0,6|1|0,6|1|0,6|1|0,6|1|0,6|1|0,6|1|0,6|1|0,6|1|0,6|1|0,6|1|1|0,6|1|0,6|1|0,6|1|0,6|1|0,6|1|0,6|1|0,6|1|0,6|1|0,6|1|0,6|1|0,6|1|0,6|1|0,6|1|0,6|1|0,6|1|0,6|1|0,6|1|0,6|1|0,6|1|0,6|1|0,6|1|0,6|1|0,6|1|0,6|1|0,6|1|0,6|1|0,6|1|0,6|1|0,6|1|0,6|1|0,6|1|0,6|1|0,6|1|0,6|1|0,6|1|0,6|1|0,6|1|0,6|1|0,6|1|0,6|1|0,6|1|0,6|1|0,6|1|0,6|1|0,6|1|0,6|1|0,6|1|0,6|1|0,6|1|0,6|1|0,6|1|0,6|1|0,6|1|0,6|1|0,6|1|0,6|1|0,6|1|0,6|1|1|0,6|1|0,6|1|0,6|1|0,6|1|0,6|1|0,6|1|0,6|1|0,6|1|0,6|1|0,6|1|0,6|1|0,6|1|0,6|1|0,6|1|0,6|1|0,6|1|0,6|1|0,6|1|0,6|1|0,6|1|0,6|1|0,6|1|0,6|1|0,6|1|0,6|1|0,6|1|0,6|1|0,6|1|0,6|1|0,6|1|0,6|1|0,6|1|0,6|1|0,6|1|0,6|1|0,6|1|0,6|1|0,6|1|0,6|1|0,6|1|0,6|1|0,6|1|0,6|1|0,6|1|0,6|1|0,6|1|0,6|1|0,6|1|0,6|1|0,6|1|0,6|1|0,6|1|0,6|1|0,6|1|0,6|1|0,6|1|0,6|1|0,6|1|1|0,6|1|0,6|1|0,6|1|0,6|1|0,6|1|0,6|1|0,6|1|0,6|1|0,6|1|0,6|1|0,6|1|0,6|1|0,6|1|0,6|1|0,6|1|0,6|1|0,6|1|0,6|1|0,6|1|0,6|1|0,6|1|0,6|1|0,6|1|0,6|1|0,6|1|0,6|1|0,6|1|0,6|1|0,6|1|0,6|1|0,6|1|0,6|1|0,6|1|0,6|1|0,6|1|0,6|1|0,6|1|0,6|1|0,6|1|0,6|1|0,6|1|0,6|1|0,6|1|0,6|1|0,6|1|0,6|1|0,6|1|0,6|1|0,6|1|0,6|1|0,6|1|0,6|1|0,6|1|0,6|1|0,6|1|0,6|1|0,6|1|0,6|1|1|0,6|1|0,6|1|0,6|1|0,6|1|0,6|1|0,6|1|0,6|1|0,6|1|0,6|1|0,6|1|0,6|1|0,6|1|0,6|1|0,6|1|0,6|1|0,6|1|0,6|1|0,6|1|0,6|1|0,6|1|0,6|1|0,6|1|0,6|1|0,6|1|0,6|1|0,6|1|0,6|1|0,6|1|0,6|1|0,6|1|0,6|1|0,6|1|0,6|1|0,6|1|0,6|1|0,6|1|0,6|1|0,6|1|0,6|1|0,6|1|0,6|1|0,6|1|0,6|1|0,6|1|0,6|1|0,6|1|0,6|1|0,6|1|0,6|1|0,6|1|0,6|1|0,6|1|0,6|1|0,6|1|0,6|1|0,6|1|0,6|1|0,6|1|1|0,6|1|0,6|1|0,6|1|0,6|1|0,6|1|0,6|1|0,6|1|0,6|1|0,6|1|0,6|1|0,6|1|0,6|1|0,6|1|0,6|1|0,6|1|0,6|1|0,6|1|0,6|1|0,6|1|0,6|1|0,6|1|0,6|1|0,6|1|0,6|1|0,6|1|0,6|1|0,6|1|0,6|1|0,6|1|0,6|1|0,6|1|0,6|1|0,6|1|0,6|1|0,6|1|0,6|1|0,6|1|0,6|1|0,6|1|0,6|1|0,6|1|0,6|1|0,6|1|0,6|1|0,6|1|0,6|1|0,6|1|0,6|1|0,6|1|0,6|1|0,6|1|0,6|1|0,6|1|0,6|1|0,6|1|0,6|1|0,6|1|0,6|1|1|0,6|1|0,6|1|0,6|1|0,6|1|0,6|1|0,6|1|0,6|1|0,6|1|0,6|1|0,6|1|0,6|1|0,6|1|0,6|1|0,6|1|0,6|1|0,6|1|0,6|1|0,6|1|0,6|1|0,6|1|0,6|1|0,6|1|0,6|1|0,6|1|0,6|1|0,6|1|0,6|1|0,6|1|0,6|1|0,6|1|0,6|1|0,6|1|0,6|1|0,6|1|0,6|1|0,6|1|0,6|1|0,6|1|0,6|1|0,6|1|0,6|1|0,6|1|0,6|1|0,6|1|0,6|1|0,6|1|0,6|1|0,6|1|0,6|1|0,6|1|0,6|1|0,6|1|0,6|1|0,6|1|0,6|1|0,6|1|0,6|1|0,6|1|1|0,6|1|0,6|1|0,6|1|0,6|1|0,6|1|0,6|1|0,6|1|0,6|1|0,6|1|0,6|1|0,6|1|0,6|1|0,6|1|0,6|1|0,6|1|0,6|1|0,6|1|0,6|1|0,6|1|0,6|1|0,6|1|0,6|1|0,6|1|0,6|1|0,6|1|0,6|1|0,6|1|0,6|1|0,6|1|0,6|1|0,6|1|0,6|1|0,6|1|0,6|1|0,6|1|0,6|1|0,6|1|0,6|1|0,6|1|0,6|1|0,6|1|0,6|1|0,6|1|0,6|1|0,6|1|0,6|1|0,6|1|0,6|1|0,6|1|0,6|1|0,6|1|0,6|1|0,6|1|0,6|1|0,6|1|0,6|1|0,6|1|0,6|1|1|0,6|1|0,6|1|0,6|1|0,6|1|0,6|1|0,6|1|0,6|1|0,6|1|0,6|1|0,6|1|0,6|1|0,6|1|0,6|1|0,6|1|0,6|1|0,6|1|0,6|1|0,6|1|0,6|1|0,6|1|0,6|1|0,6|1|0,6|1|0,6|1|0,6|1|0,6|1|0,6|1|0,6|1|0,6|1|0,6|1|0,6|1|0,6|1|0,6|1|0,6|1|0,6|1|0,6|1|0,6|1|0,6|1|0,6|1|0,6|1|0,6|1|0,6|1|0,6|1|0,6|1|0,6|1|0,6|1|0,6|1|0,6|1|0,6|1|0,6|1|0,6|1|0,6|1|0,6|1|0,6|1|0,6|1|0,6|1|0,6|1|0,6|1|1|0,6|1|0,6|1|0,6|1|0,6|1|0,6|1|0,6|1|0,6|1|0,6|1|0,6|1|0,6|1|0,6|1|0,6|1|0,6|1|0,6|1|0,6|1|0,6|1|0,6|1|0,6|1|0,6|1|0,6|1|0,6|1|0,6|1|0,6|1|0,6|1|0,6|1|0,6|1|0,6|1|0,6|1|0,6|1|0,6|1|0,6|1|0,6|1|0,6|1|0,6|1|0,6|1|0,6|1|0,6|1|0,6|1|0,6|1|0,6|1|0,6|1|0,6|1|0,6|1|0,6|1|0,6|1|0,6|1|0,6|1|0,6|1|0,6|1|0,6|1|0,6|1|0,6|1|0,6|1|0,6|1|0,6|1|0,6|1|0,6|1|0,6|1|1|0,6|1|0,6|1|0,6|1|0,6|1|0,6|1|0,6|1|0,6|1|0,6|1|0,6|1|0,6|1|0,6|1|0,6|1|0,6|1|0,6|1|0,6|1|0,6|1|0,6|1|0,6|1|0,6|1|0,6|1|0,6|1|0,6|1|0,6|1|0,6|1|0,6|1|0,6|1|0,6|1|0,6|1|0,6|1|0,6|1|0,6|1|0,6|1|0,6|1|0,6|1|0,6|1|0,6|1|0,6|1|0,6|1|0,6|1|0,6|1|0,6|1|0,6|1|0,6|1|0,6|1|0,6|1|0,6|1|0,6|1|0,6|1|0,6|1|0,6|1|0,6|1|0,6|1|0,6|1|0,6|1|0,6|1|0,6|1|0,6|1|0,6|1|1|0,6|1|0,6|1|0,6|1|0,6|1|0,6|1|0,6|1|0,6|1|0,6|1|0,6|1|0,6|1|0,6|1|0,6|1|0,6|1|0,6|1|0,6|1|0,6|1|0,6|1|0,6|1|0,6|1|0,6|1|0,6|1|0,6|1|0,6|1|0,6|1|0,6|1|0,6|1|0,6|1|0,6|1|0,6|1|0,6|1|0,6|1|0,6|1|0,6|1|0,6|1|0,6|1|0,6|1|0,6|1|0,6|1|0,6|1|0,6|1|0,6|1|0,6|1|0,6|1|0,6|1|0,6|1|0,6|1|0,6|1|0,6|1|0,6|1|0,6|1|0,6|1|0,6|1|0,6|1|0,6|1|0,6|1|0,6|1|0,6|1|0,6|1|1|0,6|1|0,6|1|0,6|1|0,6|1|0,6|1|0,6|1|0,6|1|0,6|1|0,6|1|0,6|1|0,6|1|0,6|1|0,6|1|0,6|1|0,6|1|0,6|1|0,6|1|0,6|1|0,6|1|0,6|1|0,6|1|0,6|1|0,6|1|0,6|1|0,6|1|0,6|1|0,6|1|0,6|1|0,6|1|0,6|1|0,6|1|0,6|1|0,6|1|0,6|1|0,6|1|0,6|1|0,6|1|0,6|1|0,6|1|0,6|1|0,6|1|0,6|1|0,6|1|0,6|1|0,6|1|0,6|1|0,6|1|0,6|1|0,6|1|0,6|1|0,6|1|0,6|1|0,6|1|0,6|1|0,6|1|0,6|1|0,6|1|0,6|1|1|0,6|1|0,6|1|0,6|1|0,6|1|0,6|1|0,6|1|0,6|1|0,6|1|0,6|1|0,6|1|0,6|1|0,6|1|0,6|1|0,6|1|0,6|1|0,6|1|0,6|1|0,6|1|0,6|1|0,6|1|0,6|1|0,6|1|0,6|1|0,6|1|0,6|1|0,6|1|0,6|1|0,6|1|0,6|1|0,6|1|0,6|1|0,6|1|0,6|1|0,6|1|0,6|1|0,6|1|0,6|1|0,6|1|0,6|1|0,6|1|0,6|1|0,6|1|0,6|1|0,6|1|0,6|1|0,6|1|0,6|1|0,6|1|0,6|1|0,6|1|0,6|1|0,6|1|0,6|1|0,6|1|0,6|1|0,6|1|0,6|1|0,6|1|1|0,6|1|0,6|1|0,6|1|0,6|1|0,6|1|0,6|1|0,6|1|0,6|1|0,6|1|0,6|1|0,6|1|0,6|1|0,6|1|0,6|1|0,6|1|0,6|1|0,6|1|0,6|1|0,6|1|0,6|1|0,6|1|0,6|1|0,6|1|0,6|1|0,6|1|0,6|1|0,6|1|0,6|1|0,6|1|0,6|1|0,6|1|0,6|1|0,6|1|0,6|1|0,6|1|0,6|1|0,6|1|0,6|1|0,6|1|0,6|1|0,6|1|0,6|1|0,6|1|0,6|1|0,6|1|0,6|1|0,6|1|0,6|1|0,6|1|0,6|1|0,6|1|0,6|1|0,6|1|0,6|1|0,6|1|0,6|1|0,6|1|0,6|1|1|0,6|1|0,6|1|0,6|1|0,6|1|0,6|1|0,6|1|0,6|1|0,6|1|0,6|1|0,6|1|0,6|1|0,6|1|0,6|1|0,6|1|0,6|1|0,6|1|0,6|1|0,6|1|0,6|1|0,6|1|0,6|1|0,6|1|0,6|1|0,6|1|0,6|1|0,6|1|0,6|1|0,6|1|0,6|1|0,6|1|0,6|1|0,6|1|0,6|1|0,6|1|0,6|1|0,6|1|0,6|1|0,6|1|0,6|1|0,6|1|0,6|1|0,6|1|0,6|1|0,6|1|0,6|1|0,6|1|0,6|1|0,6|1|0,6|1|0,6|1|0,6|1|0,6|1|0,6|1|0,6|1|0,6|1|0,6|1|0,6|1|0,6|1|1|0,6|1|0,6|1|0,6|1|0,6|1|0,6|1|0,6|1|0,6|1|0,6|1|0,6|1|0,6|1|0,6|1|0,6|1|0,6|1|0,6|1|0,6|1|0,6|1|0,6|1|0,6|1|0,6|1|0,6|1|0,6|1|0,6|1|0,6|1|0,6|1|0,6|1|0,6|1|0,6|1|0,6|1|0,6|1|0,6|1|0,6|1|0,6|1|0,6|1|0,6|1|0,6|1|0,6|1|0,6|1|0,6|1|0,6|1|0,6|1|0,6|1|0,6|1|0,6|1|0,6|1|0,6|1|0,6|1|0,6|1|0,6|1|0,6|1|0,6|1|0,6|1|0,6|1|0,6|1|0,6|1|0,6|1|0,6|1|0,6|1|0,6|1|1|0,6|1|0,6|1|0,6|1|0,6|1|0,6|1|0,6|1|0,6|1|0,6|1|0,6|1|0,6|1|0,6|1|0,6|1|0,6|1|0,6|1|0,6|1|0,6|1|0,6|1|0,6|1|0,6|1|0,6|1|0,6|1|0,6|1|0,6|1|0,6|1|0,6|1|0,6|1|0,6|1|0,6|1|0,6|1|0,6|1|0,6|1|0,6|1|0,6|1|0,6|1|0,6|1|0,6|1|0,6|1|0,6|1|0,6|1|0,6|1|0,6|1|0,6|1|0,6|1|0,6|1|0,6|1|0,6|1|0,6|1|0,6|1|0,6|1|0,6|1|0,6|1|0,6|1|0,6|1|0,6|1|0,6|1|0,6|1|0,6|1|0,6|1|1|0,6|1|0,6|1|0,6|1|0,6|1|0,6|1|0,6|1|0,6|1|0,6|1|0,6|1|0,6|1|0,6|1|0,6|1|0,6|1|0,6|1|0,6|1|0,6|1|0,6|1|0,6|1|0,6|1|0,6|1|0,6|1|0,6|1|0,6|1|0,6|1|0,6|1|0,6|1|0,6|1|0,6|1|0,6|1|0,6|1|0,6|1|0,6|1|0,6|1|0,6|1|0,6|1|0,6|1|0,6|1|0,6|1|0,6|1|0,6|1|0,6|1|0,6|1|0,6|1|0,6|1|0,6|1|0,6|1|0,6|1|0,6|1|0,6|1|0,6|1|0,6|1|0,6|1|0,6|1|0,6|1|0,6|1|0,6|1|0,6|1|0,6|1|1|0,6|1|0,6|1|0,6|1|0,6|1|0,6|1|0,6|1|0,6|1|0,6|1|0,6|1|0,6|1|0,6|1|0,6|1|0,6|1|0,6|1|0,6|1|0,6|1|0,6|1|0,6|1|0,6|1|0,6|1|0,6|1|0,6|1|0,6|1|0,6|1|0,6|1|0,6|1|0,6|1|0,6|1|0,6|1|0,6|1|0,6|1|0,6|1|0,6|1|0,6|1|0,6|1|0,6|1|0,6|1|0,6|1|0,6|1|0,6|1|0,6|1|0,6|1|0,6|1|0,6|1|0,6|1|0,6|1|0,6|1|0,6|1|0,6|1|0,6|1|0,6|1|0,6|1|0,6|1|0,6|1|0,6|1|0,6|1|0,6|1|0,6|1|1|0,6|1|0,6|1|0,6|1|0,6|1|0,6|1|0,6|1|0,6|1|0,6|1|0,6|1|0,6|1|0,6|1|0,6|1|0,6|1|0,6|1|0,6|1|0,6|1|0,6|1|0,6|1|0,6|1|0,6|1|0,6|1|0,6|1|0,6|1|0,6|1|0,6|1|0,6|1|0,6|1|0,6|1|0,6|1|0,6|1|0,6|1|0,6|1|0,6|1|0,6|1|0,6|1|0,6|1|0,6|1|0,6|1|0,6|1|0,6|1|0,6|1|0,6|1|0,6|1|0,6|1|0,6|1|0,6|1|0,6|1|0,6|1|0,6|1|0,6|1|0,6|1|0,6|1|0,6|1|0,6|1|0,6|1|0,6|1|0,6|1|0,6|1|1|0,6|1|0,6|1|0,6|1|0,6|1|0,6|1|0,6|1|0,6|1|0,6|1|0,6|1|0,6|1|0,6|1|0,6|1|0,6|1|0,6|1|0,6|1|0,6|1|0,6|1|0,6|1|0,6|1|0,6|1|0,6|1|0,6|1|0,6|1|0,6|1|0,6|1|0,6|1|0,6|1|0,6|1|0,6|1|0,6|1|0,6|1|0,6|1|0,6|1|0,6|1|0,6|1|0,6|1|0,6|1|0,6|1|0,6|1|0,6|1|0,6|1|0,6|1|0,6|1|0,6|1|0,6|1|0,6|1|0,6|1|0,6|1|0,6|1|0,6|1|0,6|1|0,6|1|0,6|1|0,6|1|0,6|1|0,6|1|0,6|1|0,6|1|1|0,6|1|0,6|1|0,6|1|0,6|1|0,6|1|0,6|1|0,6|1|0,6|1|0,6|1|0,6|1|0,6|1|0,6|1|0,6|1|0,6|1|0,6|1|0,6|1|0,6|1|0,6|1|0,6|1|0,6|1|0,6|1|0,6|1|0,6|1|0,6|1|0,6|1|0,6|1|0,6|1|0,6|1|0,6|1|0,6|1|0,6|1|0,6|1|0,6|1|0,6|1|0,6|1|0,6|1|0,6|1|0,6|1|0,6|1|0,6|1|0,6|1|0,6|1|0,6|1|0,6|1|0,6|1|0,6|1|0,6|1|0,6|1|0,6|1|0,6|1|0,6|1|0,6|1|0,6|1|0,6|1|0,6|1|0,6|1|0,6|1|0,6|1|1|0,6|1|0,6|1|0,6|1|0,6|1|0,6|1|0,6|1|0,6|1|0,6|1|0,6|1|0,6|1|0,6|1|0,6|1|0,6|1|0,6|1|0,6|1|0,6|1|0,6|1|0,6|1|0,6|1|0,6|1|0,6|1|0,6|1|0,6|1|0,6|1|0,6|1|0,6|1|0,6|1|0,6|1|0,6|1|0,6|1|0,6|1|0,6|1|0,6|1|0,6|1|0,6|1|0,6|1|0,6|1|0,6|1|0,6|1|0,6|1|0,6|1|0,6|1|0,6|1|0,6|1|0,6|1|0,6|1|0,6|1|0,6|1|0,6|1|0,6|1|0,6|1|0,6|1|0,6|1|0,6|1|0,6|1|0,6|1|0,6|1|0,6|1|1|0,6|1|0,6|1|0,6|1|0,6|1|0,6|1|0,6|1|0,6|1|0,6|1|0,6|1|0,6|1|0,6|1|0,6|1|0,6|1|0,6|1|0,6|1|0,6|1|0,6|1|0,6|1|0,6|1|0,6|1|0,6|1|0,6|1|0,6|1|0,6|1|0,6|1|0,6|1|0,6|1|0,6|1|0,6|1|0,6|1|0,6|1|0,6|1|0,6|1|0,6|1|0,6|1|0,6|1|0,6|1|0,6|1|0,6|1|0,6|1|0,6|1|0,6|1|0,6|1|0,6|1|0,6|1|0,6|1|0,6|1|0,6|1|0,6|1|0,6|1|0,6|1|0,6|1|0,6|1|0,6|1|0,6|1|0,6|1|0,6|1|0,6|1|1|0,6|1|0,6|1|0,6|1|0,6|1|0,6|1|0,6|1|0,6|1|0,6|1|0,6|1|0,6|1|0,6|1|0,6|1|0,6|1|0,6|1|0,6|1|0,6|1|0,6|1|0,6|1|0,6|1|0,6|1|0,6|1|0,6|1|0,6|1|0,6|1|0,6|1|0,6|1|0,6|1|0,6|1|0,6|1|0,6|1|0,6|1|0,6|1|0,6|1|0,6|1|0,6|1|0,6|1|0,6|1|0,6|1|0,6|1|0,6|1|0,6|1|0,6|1|0,6|1|0,6|1|0,6|1|0,6|1|0,6|1|0,6|1|0,6|1|0,6|1|0,6|1|0,6|1|0,6|1|0,6|1|0,6|1|0,6|1|0,6|1|0,6|1|1|0,6|1|0,6|1|0,6|1|0,6|1|0,6|1|0,6|1|0,6|1|0,6|1|0,6|1|0,6|1|0,6|1|0,6|1|0,6|1|0,6|1|0,6|1|0,6|1|0,6|1|0,6|1|0,6|1|0,6|1|0,6|1|0,6|1|0,6|1|0,6|1|0,6|1|0,6|1|0,6|1|0,6|1|0,6|1|0,6|1|0,6|1|0,6|1|0,6|1|0,6|1|0,6|1|0,6|1|0,6|1|0,6|1|0,6|1|0,6|1|0,6|1|0,6|1|0,6|1|0,6|1|0,6|1|0,6|1|0,6|1|0,6|1|0,6|1|0,6|1|0,6|1|0,6|1|0,6|1|0,6|1|0,6|1|0,6|1|0,6|1|0,6|1|1|0,6|1|0,6|1|0,6|1|0,6|1|0,6|1|0,6|1|0,6|1|0,6|1|0,6|1|0,6|1|0,6|1|0,6|1|0,6|1|0,6|1|0,6|1|0,6|1|0,6|1|0,6|1|0,6|1|0,6|1|0,6|1|0,6|1|0,6|1|0,6|1|0,6|1|0,6|1|0,6|1|0,6|1|0,6|1|0,6|1|0,6|1|0,6|1|0,6|1|0,6|1|0,6|1|0,6|1|0,6|1|0,6|1|0,6|1|0,6|1|0,6|1|0,6|1|0,6|1|0,6|1|0,6|1|0,6|1|0,6|1|0,6|1|0,6|1|0,6|1|0,6|1|0,6|1|0,6|1|0,6|1|0,6|1|0,6|1|0,6|1|0,6|1|1|0,6|1|0,6|1|0,6|1|0,6|1|0,6|1|0,6|1|0,6|1|0,6|1|0,6|1|0,6|1|0,6|1|0,6|1|0,6|1|0,6|1|0,6|1|0,6|1|0,6|1|0,6|1|0,6|1|0,6|1|0,6|1|0,6|1|0,6|1|0,6|1|0,6|1|0,6|1|0,6|1|0,6|1|0,6|1|0,6|1|0,6|1|0,6|1|0,6|1|0,6|1|0,6|1|0,6|1|0,6|1|0,6|1|0,6|1|0,6|1|0,6|1|0,6|1|0,6|1|0,6|1|0,6|1|0,6|1|0,6|1|0,6|1|0,6|1|0,6|1|0,6|1|0,6|1|0,6|1|0,6|1|0,6|1|0,6|1|0,6|1|0,6|1|1|0,6|1|0,6|1|0,6|1|0,6|1|0,6|1|0,6|1|0,6|1|0,6|1|0,6|1|0,6|1|0,6|1|0,6|1|0,6|1|0,6|1|0,6|1|0,6|1|0,6|1|0,6|1|0,6|1|0,6|1|0,6|1|0,6|1|0,6|1|0,6|1|0,6|1|0,6|1|0,6|1|0,6|1|0,6|1|0,6|1|0,6|1|0,6|1|0,6|1|0,6|1|0,6|1|0,6|1|0,6|1|0,6|1|0,6|1|0,6|1|0,6|1|0,6|1|0,6|1|0,6|1|0,6|1|0,6|1|0,6|1|0,6|1|0,6|1|0,6|1|0,6|1|0,6|1|0,6|1|0,6|1|0,6|1|0,6|1|0,6|1|0,6|1|1|0,6|1|0,6|1|0,6|1|0,6|1|0,6|1|0,6|1|0,6|1|0,6|1|0,6|1|0,6|1|0,6|1|0,6|1|0,6|1|0,6|1|0,6|1|0,6|1|0,6|1|0,6|1|0,6|1|0,6|1|0,6|1|0,6|1|0,6|1|0,6|1|0,6|1|0,6|1|0,6|1|0,6|1|0,6|1|0,6|1|0,6|1|0,6|1|0,6|1|0,6|1|0,6|1|0,6|1|0,6|1|0,6|1|0,6|1|0,6|1|0,6|1|0,6|1|0,6|1|0,6|1|0,6|1|0,6|1|0,6|1|0,6|1|0,6|1|0,6|1|0,6|1|0,6|1|0,6|1|0,6|1|0,6|1|0,6|1|0,6|1|0,6|1|1|0,6|1|0,6|1|0,6|1|0,6|1|0,6|1|0,6|1|0,6|1|0,6|1|0,6|1|0,6|1|0,6|1|0,6|1|0,6|1|0,6|1|0,6|1|0,6|1|0,6|1|0,6|1|0,6|1|0,6|1|0,6|1|0,6|1|0,6|1|0,6|1|0,6|1|0,6|1|0,6|1|0,6|1|0,6|1|0,6|1|0,6|1|0,6|1|0,6|1|0,6|1|0,6|1|0,6|1|0,6|1|0,6|1|0,6|1|0,6|1|0,6|1|0,6|1|0,6|1|0,6|1|0,6|1|0,6|1|0,6|1|0,6|1|0,6|1|0,6|1|0,6|1|0,6|1|0,6|1|0,6|1|0,6|1|0,6|1|0,6|1|0,6|1|1|0,6|1|0,6|1|0,6|1|0,6|1|0,6|1|0,6|1|0,6|1|0,6|1|0,6|1|0,6|1|0,6|1|0,6|1|0,6|1|0,6|1|0,6|1|0,6|1|0,6|1|0,6|1|0,6|1|0,6|1|0,6|1|0,6|1|0,6|1|0,6|1|0,6|1|0,6|1|0,6|1|0,6|1|0,6|1|0,6|1|0,6|1|0,6|1|0,6|1|0,6|1|0,6|1|0,6|1|0,6|1|0,6|1|0,6|1|0,6|1|0,6|1|0,6|1|0,6|1|0,6|1|0,6|1|0,6|1|0,6|1|0,6|1|0,6|1|0,6|1|0,6|1|0,6|1|0,6|1|0,6|1|0,6|1|0,6|1|0,6|1|0,6|1|1|0,6|1|0,6|1|0,6|1|0,6|1|0,6|1|0,6|1|0,6|1|0,6|1|0,6|1|0,6|1|0,6|1|0,6|1|0,6|1|0,6|1|0,6|1|0,6|1|0,6|1|0,6|1|0,6|1|0,6|1|0,6|1|0,6|1|0,6|1|0,6|1|0,6|1|0,6|1|0,6|1|0,6|1|0,6|1|0,6|1|0,6|1|0,6|1|0,6|1|0,6|1|0,6|1|0,6|1|0,6|1|0,6|1|0,6|1|0,6|1|0,6|1|0,6|1|0,6|1|0,6|1|0,6|1|0,6|1|0,6|1|0,6|1|0,6|1|0,6|1|0,6|1|0,6|1|0,6|1|0,6|1|0,6|1|0,6|1|0,6|1|0,6|1|1|0,6|1|0,6|1|0,6|1|0,6|1|0,6|1|0,6|1|0,6|1|0,6|1|0,6|1|0,6|1|0,6|1|0,6|1|0,6|1|0,6|1|0,6|1|0,6|1|0,6|1|0,6|1|0,6|1|0,6|1|0,6|1|0,6|1|0,6|1|0,6|1|0,6|1|0,6|1|0,6|1|0,6|1|0,6|1|0,6|1|0,6|1|0,6|1|0,6|1|0,6|1|0,6|1|0,6|1|0,6|1|0,6|1|0,6|1|0,6|1|0,6|1|0,6|1|0,6|1|0,6|1|0,6|1|0,6|1|0,6|1|0,6|1|0,6|1|0,6|1|0,6|1|0,6|1|0,6|1|0,6|1|0,6|1|0,6|1|0,6|1|0,6|1|1|0,6|1|0,6|1|0,6|1|0,6|1|0,6|1|0,6|1|0,6|1|0,6|1|0,6|1|0,6|1|0,6|1|0,6|1|0,6|1|0,6|1|0,6|1|0,6|1|0,6|1|0,6|1|0,6|1|0,6|1|0,6|1|0,6|1|0,6|1|0,6|1|0,6|1|0,6|1|0,6|1|0,6|1|0,6|1|0,6|1|0,6|1|0,6|1|0,6|1|0,6|1|0,6|1|0,6|1|0,6|1|0,6|1|0,6|1|0,6|1|0,6|1|0,6|1|0,6|1|0,6|1|0,6|1|0,6|1|0,6|1|0,6|1|0,6|1|0,6|1|0,6|1|0,6|1|0,6|1|0,6|1|0,6|1|0,6|1|0,6|1|0,6|1|1|0,6|1|0,6|1|0,6|1|0,6|1|0,6|1|0,6|1|0,6|1|0,6|1|0,6|1|0,6|1|0,6|1|0,6|1|0,6|1|0,6|1|0,6|1|0,6|1|0,6|1|0,6|1|0,6|1|0,6|1|0,6|1|0,6|1|0,6|1|0,6|1|0,6|1|0,6|1|0,6|1|0,6|1|0,6|1|0,6|1|0,6|1|0,6|1|0,6|1|0,6|1|0,6|1|0,6|1|0,6|1|0,6|1|0,6|1|0,6|1|0,6|1|0,6|1|0,6|1|0,6|1|0,6|1|0,6|1|0,6|1|0,6|1|0,6|1|0,6|1|0,6|1|0,6|1|0,6|1|0,6|1|0,6|1|0,6|1|0,6|1|0,6|1|1|0,6|1|0,6|1|0,6|1|0,6|1|0,6|1|0,6|1|0,6|1|0,6|1|0,6|1|0,6|1|0,6|1|0,6|1|0,6|1|0,6|1|0,6|1|0,6|1|0,6|1|0,6|1|0,6|1|0,6|1|0,6|1|0,6|1|0,6|1|0,6|1|0,6|1|0,6|1|0,6|1|0,6|1|0,6|1|0,6|1|0,6|1|0,6|1|0,6|1|0,6|1|0,6|1|0,6|1|0,6|1|0,6|1|0,6|1|0,6|1|0,6|1|0,6|1|0,6|1|0,6|1|0,6|1|0,6|1|0,6|1|0,6|1|0,6|1|0,6|1|0,6|1|0,6|1|0,6|1|0,6|1|0,6|1|0,6|1|0,6|1|0,6|1|1|0,6|1|0,6|1|0,6|1|0,6|1|0,6|1|0,6|1|0,6|1|0,6|1|0,6|1|0,6|1|0,6|1|0,6|1|0,6|1|0,6|1|0,6|1|0,6|1|0,6|1|0,6|1|0,6|1|0,6|1|0,6|1|0,6|1|0,6|1|0,6|1|0,6|1|0,6|1|0,6|1|0,6|1|0,6|1|0,6|1|0,6|1|0,6|1|0,6|1|0,6|1|0,6|1|0,6|1|0,6|1|0,6|1|0,6|1|0,6|1|0,6|1|0,6|1|0,6|1|0,6|1|0,6|1|0,6|1|0,6|1|0,6|1|0,6|1|0,6|1|0,6|1|0,6|1|0,6|1|0,6|1|0,6|1|0,6|1|0,6|1|0,6|1|1|0,6|1|0,6|1|0,6|1|0,6|1|0,6|1|0,6|1|0,6|1|0,6|1|0,6|1|0,6|1|0,6|1|0,6|1|0,6|1|0,6|1|0,6|1|0,6|1|0,6|1|0,6|1|0,6|1|0,6|1|0,6|1|0,6|1|0,6|1|0,6|1|0,6|1|0,6|1|0,6|1|0,6|1|0,6|1|0,6|1|0,6|1|0,6|1|0,6|1|0,6|1|0,6|1|0,6|1|0,6|1|0,6|1|0,6|1|0,6|1|0,6|1|0,6|1|0,6|1|0,6|1|0,6|1|0,6|1|0,6|1|0,6|1|0,6|1|0,6|1|0,6|1|0,6|1|0,6|1|0,6|1|0,6|1|0,6|1|0,6|1|0,6|1|1|0,6|1|0,6|1|0,6|1|0,6|1|0,6|1|0,6|1|0,6|1|0,6|1|0,6|1|0,6|1|0,6|1|0,6|1|0,6|1|0,6|1|0,6|1|0,6|1|0,6|1|0,6|1|0,6|1|0,6|1|0,6|1|0,6|1|0,6|1|0,6|1|0,6|1|0,6|1|0,6|1|0,6|1|0,6|1|0,6|1|0,6|1|0,6|1|0,6|1|0,6|1|0,6|1|0,6|1|0,6|1|0,6|1|0,6|1|0,6|1|0,6|1|0,6|1|0,6|1|0,6|1|0,6|1|0,6|1|0,6|1|0,6|1|0,6|1|0,6|1|0,6|1|0,6|1|0,6|1|0,6|1|0,6|1|0,6|1|0,6|1|0,6|1|1|0,6|1|0,6|1|0,6|1|0,6|1|0,6|1|0,6|1|0,6|1|0,6|1|0,6|1|0,6|1|0,6|1|0,6|1|0,6|1|0,6|1|0,6|1|0,6|1|0,6|1|0,6|1|0,6|1|0,6|1|0,6|1|0,6|1|0,6|1|0,6|1|0,6|1|0,6|1|0,6|1|0,6|1|0,6|1|0,6|1|0,6|1|0,6|1|0,6|1|0,6|1|0,6|1|0,6|1|0,6|1|0,6|1|0,6|1|0,6|1|0,6|1|0,6|1|0,6|1|0,6|1|0,6|1|0,6|1|0,6|1|0,6|1|0,6|1|0,6|1|0,6|1|0,6|1|0,6|1|0,6|1|0,6|1|0,6|1|0,6|1|0,6|1|1|0,6|1|0,6|1|0,6|1|0,6|1|0,6|1|0,6|1|0,6|1|0,6|1|0,6|1|0,6|1|0,6|1|0,6|1|0,6|1|0,6|1|0,6|1|0,6|1|0,6|1|0,6|1|0,6|1|0,6|1|0,6|1|0,6|1|0,6|1|0,6|1|0,6|1|0,6|1|0,6|1|0,6|1|0,6|1|0,6|1|0,6|1|0,6|1|0,6|1|0,6|1|0,6|1|0,6|1|0,6|1|0,6|1|0,6|1|0,6|1|0,6|1|0,6|1|0,6|1|0,6|1|0,6|1|0,6|1|0,6|1|0,6|1|0,6|1|0,6|1|0,6|1|0,6|1|0,6|1|0,6|1|0,6|1|0,6|1|0,6|1|0,6|1|1|0,6|1|0,6|1|0,6|1|0,6|1|0,6|1|0,6|1|0,6|1|0,6|1|0,6|1|0,6|1|0,6|1|0,6|1|0,6|1|0,6|1|0,6|1|0,6|1|0,6|1|0,6|1|0,6|1|0,6|1|0,6|1|0,6|1|0,6|1|0,6|1|0,6|1|0,6|1|0,6|1|0,6|1|0,6|1|0,6|1|0,6|1|0,6|1|0,6|1|0,6|1|0,6|1|0,6|1|0,6|1|0,6|1|0,6|1|0,6|1|0,6|1|0,6|1|0,6|1|0,6|1|0,6|1|0,6|1|0,6|1|0,6|1|0,6|1|0,6|1|0,6|1|0,6|1|0,6|1|0,6|1|0,6|1|0,6|1|0,6|1|0,6|1|1|0,6|1|0,6|1|0,6|1|0,6|1|0,6|1|0,6|1|0,6|1|0,6|1|0,6|1|0,6|1|0,6|1|0,6|1|0,6|1|0,6|1|0,6|1|0,6|1|0,6|1|0,6|1|0,6|1|0,6|1|0,6|1|0,6|1|0,6|1|0,6|1|0,6|1|0,6|1|0,6|1|0,6|1|0,6|1|0,6|1|0,6|1|0,6|1|0,6|1|0,6|1|0,6|1|0,6|1|0,6|1|0,6|1|0,6|1|0,6|1|0,6|1|0,6|1|0,6|1|0,6|1|0,6|1|0,6|1|0,6|1|0,6|1|0,6|1|0,6|1|0,6|1|0,6|1|0,6|1|0,6|1|0,6|1|0,6|1|0,6|1|0,6|1|1|0,6|1|0,6|1|0,6|1|0,6|1|0,6|1|0,6|1|0,6|1|0,6|1|0,6|1|0,6|1|0,6|1|0,6|1|0,6|1|0,6|1|0,6|1|0,6|1|0,6|1|0,6|1|0,6|1|0,6|1|0,6|1|0,6|1|0,6|1|0,6|1|0,6|1|0,6|1|0,6|1|0,6|1|0,6|1|0,6|1|0,6|1|0,6|1|0,6|1|0,6|1|0,6|1|0,6|1|0,6|1|0,6|1|0,6|1|0,6|1|0,6|1|0,6|1|0,6|1|0,6|1|0,6|1|0,6|1|0,6|1|0,6|1|0,6|1|0,6|1|0,6|1|0,6|1|0,6|1|0,6|1|0,6|1|0,6|1|0,6|1|0,6|1|1|0,6|1|0,6|1|0,6|1|0,6|1|0,6|1|0,6|1|0,6|1|0,6|1|0,6|1|0,6|1|0,6|1|0,6|1|0,6|1|0,6|1|0,6|1|0,6|1|0,6|1|0,6|1|0,6|1|0,6|1|0,6|1|0,6|1|0,6|1|0,6|1|0,6|1|0,6|1|0,6|1|0,6|1|0,6|1|0,6|1|0,6|1|0,6|1|0,6|1|0,6|1|0,6|1|0,6|1|0,6|1|0,6|1|0,6|1|0,6|1|0,6|1|0,6|1|0,6|1|0,6|1|0,6|1|0,6|1|0,6|1|0,6|1|0,6|1|0,6|1|0,6|1|0,6|1|0,6|1|0,6|1|0,6|1|0,6|1|0,6|1|0,6|1|1|0,6|1|0,6|1|0,6|1|0,6|1|0,6|1|0,6|1|0,6|1|0,6|1|0,6|1|0,6|1|0,6|1|0,6|1|0,6|1|0,6|1|0,6|1|0,6|1|0,6|1|0,6|1|0,6|1|0,6|1|0,6|1|0,6|1|0,6|1|0,6|1|0,6|1|0,6|1|0,6|1|0,6|1|0,6|1|0,6|1|0,6|1|0,6|1|0,6|1|0,6|1|0,6|1|0,6|1|0,6|1|0,6|1|0,6|1|0,6|1|0,6|1|0,6|1|0,6|1|0,6|1|0,6|1|0,6|1|0,6|1|0,6|1|0,6|1|0,6|1|0,6|1|0,6|1|0,6|1|0,6|1|0,6|1|0,6|1|0,6|1|0,6|1|1|0,6|1|0,6|1|0,6|1|0,6|1|0,6|1|0,6|1|0,6|1|0,6|1|0,6|1|0,6|1|0,6|1|0,6|1|0,6|1|0,6|1|0,6|1|0,6|1|0,6|1|0,6|1|0,6|1|0,6|1|0,6|1|0,6|1|0,6|1|0,6|1|0,6|1|0,6|1|0,6|1|0,6|1|0,6|1|0,6|1|0,6|1|0,6|1|0,6|1|0,6|1|0,6|1|0,6|1|0,6|1|0,6|1|0,6|1|0,6|1|0,6|1|0,6|1|0,6|1|0,6|1|0,6|1|0,6|1|0,6|1|0,6|1|0,6|1|0,6|1|0,6|1|0,6|1|0,6|1|0,6|1|0,6|1|0,6|1|0,6|1|0,6|1|1|0,6|1|0,6|1|0,6|1|0,6|1|0,6|1|0,6|1|0,6|1|0,6|1|0,6|1|0,6|1|0,6|1|0,6|1|0,6|1|0,6|1|0,6|1|0,6|1|0,6|1|0,6|1|0,6|1|0,6|1|0,6|1|0,6|1|0,6|1|0,6|1|0,6|1|0,6|1|0,6|1|0,6|1|0,6|1|0,6|1|0,6|1|0,6|1|0,6|1|0,6|1|0,6|1|0,6|1|0,6|1|0,6|1|0,6|1|0,6|1|0,6|1|0,6|1|0,6|1|0,6|1|0,6|1|0,6|1|0,6|1|0,6|1|0,6|1|0,6|1|0,6|1|0,6|1|0,6|1|0,6|1|0,6|1|0,6|1|0,6|1|0,6|1|1|0,6|1|0,6|1|0,6|1|0,6|1|0,6|1|0,6|1|0,6|1|0,6|1|0,6|1|0,6|1|0,6|1|0,6|1|0,6|1|0,6|1|0,6|1|0,6|1|0,6|1|0,6|1|0,6|1|0,6|1|0,6|1|0,6|1|0,6|1|0,6|1|0,6|1|0,6|1|0,6|1|0,6|1|0,6|1|0,6|1|0,6|1|0,6|1|0,6|1|0,6|1|0,6|1|0,6|1|0,6|1|0,6|1|0,6|1|0,6|1|0,6|1|0,6|1|0,6|1|0,6|1|0,6|1|0,6|1|0,6|1|0,6|1|0,6|1|0,6|1|0,6|1|0,6|1|0,6|1|0,6|1|0,6|1|0,6|1|0,6|1|0,6|1|1|0,6|1|0,6|1|0,6|1|0,6|1|0,6|1|0,6|1|0,6|1|0,6|1|0,6|1|0,6|1|0,6|1|0,6|1|0,6|1|0,6|1|0,6|1|0,6|1|0,6|1|0,6|1|0,6|1|0,6|1|0,6|1|0,6|1|0,6|1|0,6|1|0,6|1|0,6|1|0,6|1|0,6|1|0,6|1|0,6|1|0,6|1|0,6|1|0,6|1|0,6|1|0,6|1|0,6|1|0,6|1|0,6|1|0,6|1|0,6|1|0,6|1|0,6|1|0,6|1|0,6|1|0,6|1|0,6|1|0,6|1|0,6|1|0,6|1|0,6|1|0,6|1|0,6|1|0,6|1|0,6|1|0,6|1|0,6|1|0,6|1|0,6|1|1|0,6|1|0,6|1|0,6|1|0,6|1|0,6|1|0,6|1|0,6|1|0,6|1|0,6|1|0,6|1|0,6|1|0,6|1|0,6|1|0,6|1|0,6|1|0,6|1|0,6|1|0,6|1|0,6|1|0,6|1|0,6|1|0,6|1|0,6|1|0,6|1|0,6|1|0,6|1|0,6|1|0,6|1|0,6|1|0,6|1|0,6|1|0,6|1|0,6|1|0,6|1|0,6|1|0,6|1|0,6|1|0,6|1|0,6|1|0,6|1|0,6|1|0,6|1|0,6|1|0,6|1|0,6|1|0,6|1|0,6|1|0,6|1|0,6|1|0,6|1|0,6|1|0,6|1|0,6|1|0,6|1|0,6|1|0,6|1|0,6|1|0,6|1|1|0,6|1|0,6|1|0,6|1|0,6|1|0,6|1|0,6|1|0,6|1|0,6|1|0,6|1|0,6|1|0,6|1|0,6|1|0,6|1|0,6|1|0,6|1|0,6|1|0,6|1|0,6|1|0,6|1|0,6|1|0,6|1|0,6|1|0,6|1|0,6|1|0,6|1|0,6|1|0,6|1|0,6|1|0,6|1|0,6|1|0,6|1|0,6|1|0,6|1|0,6|1|0,6|1|0,6|1|0,6|1|0,6|1|0,6|1|0,6|1|0,6|1|0,6|1|0,6|1|0,6|1|0,6|1|0,6|1|0,6|1|0,6|1|0,6|1|0,6|1|0,6|1|0,6|1|0,6|1|0,6|1|0,6|1|0,6|1|0,6|1|0,6|1|1|0,6|1|0,6|1|0,6|1|0,6|1|0,6|1|0,6|1|0,6|1|0,6|1|0,6|1|0,6|1|0,6|1|0,6|1|0,6|1|0,6|1|0,6|1|0,6|1|0,6|1|0,6|1|0,6|1|0,6|1|0,6|1|0,6|1|0,6|1|0,6|1|0,6|1|0,6|1|0,6|1|0,6|1|0,6|1|0,6|1|0,6|1|0,6|1|0,6|1|0,6|1|0,6|1|0,6|1|0,6|1|0,6|1|0,6|1|0,6|1|0,6|1|0,6|1|0,6|1|0,6|1|0,6|1|0,6|1|0,6|1|0,6|1|0,6|1|0,6|1|0,6|1|0,6|1|0,6|1|0,6|1|0,6|1|0,6|1|0,6|1|0,6|1|1|0,6|1|0,6|1|0,6|1|0,6|1|0,6|1|0,6|1|0,6|1|0,6|1|0,6|1|0,6|1|0,6|1|0,6|1|0,6|1|0,6|1|0,6|1|0,6|1|0,6|1|0,6|1|0,6|1|0,6|1|0,6|1|0,6|1|0,6|1|0,6|1|0,6|1|0,6|1|0,6|1|0,6|1|0,6|1|0,6|1|0,6|1|0,6|1|0,6|1|0,6|1|0,6|1|0,6|1|0,6|1|0,6|1|0,6|1|0,6|1|0,6|1|0,6|1|0,6|1|0,6|1|0,6|1|0,6|1|0,6|1|0,6|1|0,6|1|0,6|1|0,6|1|0,6|1|0,6|1|0,6|1|0,6|1|0,6|1|0,6|1|0,6|1|1|0,6|1|0,6|1|0,6|1|0,6|1|0,6|1|0,6|1|0,6|1|0,6|1|0,6|1|0,6|1|0,6|1|0,6|1|0,6|1|0,6|1|0,6|1|0,6|1|0,6|1|0,6|1|0,6|1|0,6|1|0,6|1|0,6|1|0,6|1|0,6|1|0,6|1|0,6|1|0,6|1|0,6|1|0,6|1|0,6|1|0,6|1|0,6|1|0,6|1|0,6|1|0,6|1|0,6|1|0,6|1|0,6|1|0,6|1|0,6|1|0,6|1|0,6|1|0,6|1|0,6|1|0,6|1|0,6|1|0,6|1|0,6|1|0,6|1|0,6|1|0,6|1|0,6|1|0,6|1|0,6|1|0,6|1|0,6|1|0,6|1|0,6|1|1|0,6|1|0,6|1|0,6|1|0,6|1|0,6|1|0,6|1|0,6|1|0,6|1|0,6|1|0,6|1|0,6|1|0,6|1|0,6|1|0,6|1|0,6|1|0,6|1|0,6|1|0,6|1|0,6|1|0,6|1|0,6|1|0,6|1|0,6|1|0,6|1|0,6|1|0,6|1|0,6|1|0,6|1|0,6|1|0,6|1|0,6|1|0,6|1|0,6|1|0,6|1|0,6|1|0,6|1|0,6|1|0,6|1|0,6|1|0,6|1|0,6|1|0,6|1|0,6|1|0,6|1|0,6|1|0,6|1|0,6|1|0,6|1|0,6|1|0,6|1|0,6|1|0,6|1|0,6|1|0,6|1|0,6|1|0,6|1|0,6|1|0,6|1|1|0,6|1|0,6|1|0,6|1|0,6|1|0,6|1|0,6|1|0,6|1|0,6|1|0,6|1|0,6|1|0,6|1|0,6|1|0,6|1|0,6|1|0,6|1|0,6|1|0,6|1|0,6|1|0,6|1|0,6|1|0,6|1|0,6|1|0,6|1|0,6|1|0,6|1|0,6|1|0,6|1|0,6|1|0,6|1|0,6|1|0,6|1|0,6|1|0,6|1|0,6|1|0,6|1|0,6|1|0,6|1|0,6|1|0,6|1|0,6|1|0,6|1|0,6|1|0,6|1|0,6|1|0,6|1|0,6|1|0,6|1|0,6|1|0,6|1|0,6|1|0,6|1|0,6|1|0,6|1|0,6|1|0,6|1|0,6|1|0,6|1|0,6|1|1|0,6|1|0,6|1|0,6|1|0,6|1|0,6|1|0,6|1|0,6|1|0,6|1|0,6|1|0,6|1|0,6|1|0,6|1|0,6|1|0,6|1|0,6|1|0,6|1|0,6|1|0,6|1|0,6|1|0,6|1|0,6|1|0,6|1|0,6|1|0,6|1|0,6|1|0,6|1|0,6|1|0,6|1|0,6|1|0,6|1|0,6|1|0,6|1|0,6|1|0,6|1|0,6|1|0,6|1|0,6|1|0,6|1|0,6|1|0,6|1|0,6|1|0,6|1|0,6|1|0,6|1|0,6|1|0,6|1|0,6|1|0,6|1|0,6|1|0,6|1|0,6|1|0,6|1|0,6|1|0,6|1|0,6|1|0,6|1|0,6|1|0,6|1|1|0,6|1|0,6|1|0,6|1|0,6|1|0,6|1|0,6|1|0,6|1|0,6|1|0,6|1|0,6|1|0,6|1|0,6|1|0,6|1|0,6|1|0,6|1|0,6|1|0,6|1|0,6|1|0,6|1|0,6|1|0,6|1|0,6|1|0,6|1|0,6|1|0,6|1|0,6|1|0,6|1|0,6|1|0,6|1|0,6|1|0,6|1|0,6|1|0,6|1|0,6|1|0,6|1|0,6|1|0,6|1|0,6|1|0,6|1|0,6|1|0,6|1|0,6|1|0,6|1|0,6|1|0,6|1|0,6|1|0,6|1|0,6|1|0,6|1|0,6|1|0,6|1|0,6|1|0,6|1|0,6|1|0,6|1|0,6|1|0,6|1|0,6|1|1|0,6|1|0,6|1|0,6|1|0,6|1|0,6|1|0,6|1|0,6|1|0,6|1|0,6|1|0,6|1|0,6|1|0,6|1|0,6|1|0,6|1|0,6|1|0,6|1|0,6|1|0,6|1|0,6|1|0,6|1|0,6|1|0,6|1|0,6|1|0,6|1|0,6|1|0,6|1|0,6|1|0,6|1|0,6|1|0,6|1|0,6|1|0,6|1|0,6|1|0,6|1|0,6|1|0,6|1|0,6|1|0,6|1|0,6|1|0,6|1|0,6|1|0,6|1|0,6|1|0,6|1|0,6|1|0,6|1|0,6|1|0,6|1|0,6|1|0,6|1|0,6|1|0,6|1|0,6|1|0,6|1|0,6|1|0,6|1|0,6|1|0,6|1|1|0,6|1|0,6|1|0,6|1|0,6|1|0,6|1|0,6|1|0,6|1|0,6|1|0,6|1|0,6|1|0,6|1|0,6|1|0,6|1|0,6|1|0,6|1|0,6|1|0,6|1|0,6|1|0,6|1|0,6|1|0,6|1|0,6|1|0,6|1|0,6|1|0,6|1|0,6|1|0,6|1|0,6|1|0,6|1|0,6|1|0,6|1|0,6|1|0,6|1|0,6|1|0,6|1|0,6|1|0,6|1|0,6|1|0,6|1|0,6|1|0,6|1|0,6|1|0,6|1|0,6|1|0,6|1|0,6|1|0,6|1|0,6|1|0,6|1|0,6|1|0,6|1|0,6|1|0,6|1|0,6|1|0,6|1|0,6|1|0,6|1|0,6|1|1|0,6|1|0,6|1|0,6|1|0,6|1|0,6|1|0,6|1|0,6|1|0,6|1|0,6|1|0,6|1|0,6|1|0,6|1|0,6|1|0,6|1|0,6|1|0,6|1|0,6|1|0,6|1|0,6|1|0,6|1|0,6|1|0,6|1|0,6|1|0,6|1|0,6|1|0,6|1|0,6|1|0,6|1|0,6|1|0,6|1|0,6|1|0,6|1|0,6|1|0,6|1|0,6|1|0,6|1|0,6|1|0,6|1|0,6|1|0,6|1|0,6|1|0,6|1|0,6|1|0,6|1|0,6|1|0,6|1|0,6|1|0,6|1|0,6|1|0,6|1|0,6|1|0,6|1|0,6|1|0,6|1|0,6|1|0,6|1|0,6|1|0,6|1|1|0,6|1|0,6|1|0,6|1|0,6|1|0,6|1|0,6|1|0,6|1|0,6|1|0,6|1|0,6|1|0,6|1|0,6|1|0,6|1|0,6|1|0,6|1|0,6|1|0,6|1|0,6|1|0,6|1|0,6|1|0,6|1|0,6|1|0,6|1|0,6|1|0,6|1|0,6|1|0,6|1|0,6|1|0,6|1|0,6|1|0,6|1|0,6|1|0,6|1|0,6|1|0,6|1|0,6|1|0,6|1|0,6|1|0,6|1|0,6|1|0,6|1|0,6|1|0,6|1|0,6|1|0,6|1|0,6|1|0,6|1|0,6|1|0,6|1|0,6|1|0,6|1|0,6|1|0,6|1|0,6|1|0,6|1|0,6|1|0,6|1|0,6|1|1|0,6|1|0,6|1|0,6|1|0,6|1|0,6|1|0,6|1|0,6|1|0,6|1|0,6|1|0,6|1|0,6|1|0,6|1|0,6|1|0,6|1|0,6|1|0,6|1|0,6|1|0,6|1|0,6|1|0,6|1|0,6|1|0,6|1|0,6|1|0,6|1|0,6|1|0,6|1|0,6|1|0,6|1|0,6|1|0,6|1|0,6|1|0,6|1|0,6|1|0,6|1|0,6|1|0,6|1|0,6|1|0,6|1|0,6|1|0,6|1|0,6|1|0,6|1|0,6|1|0,6|1|0,6|1|0,6|1|0,6|1|0,6|1|0,6|1|0,6|1|0,6|1|0,6|1|0,6|1|0,6|1|0,6|1|0,6|1|0,6|1|0,6|1|1|0,6|1|0,6|1|0,6|1|0,6|1|0,6|1|0,6|1|0,6|1|0,6|1|0,6|1|0,6|1|0,6|1|0,6|1|0,6|1|0,6|1|0,6|1|0,6|1|0,6|1|0,6|1|0,6|1|0,6|1|0,6|1|0,6|1|0,6|1|0,6|1|0,6|1|0,6|1|0,6|1|0,6|1|0,6|1|0,6|1|0,6|1|0,6|1|0,6|1|0,6|1|0,6|1|0,6|1|0,6|1|0,6|1|0,6|1|0,6|1|0,6|1|0,6|1|0,6|1|0,6|1|0,6|1|0,6|1|0,6|1|0,6|1|0,6|1|0,6|1|0,6|1|0,6|1|0,6|1|0,6|1|0,6|1|0,6|1|0,6|1|0,6|1|1|0,6|1|0,6|1|0,6|1|0,6|1|0,6|1|0,6|1|0,6|1|0,6|1|0,6|1|0,6|1|0,6|1|0,6|1|0,6|1|0,6|1|0,6|1|0,6|1|0,6|1|0,6|1|0,6|1|0,6|1|0,6|1|0,6|1|0,6|1|0,6|1|0,6|1|0,6|1|0,6|1|0,6|1|0,6|1|0,6|1|0,6|1|0,6|1|0,6|1|0,6|1|0,6|1|0,6|1|0,6|1|0,6|1|0,6|1|0,6|1|0,6|1|0,6|1|0,6|1|0,6|1|0,6|1|0,6|1|0,6|1|0,6|1|0,6|1|0,6|1|0,6|1|0,6|1|0,6|1|0,6|1|0,6|1|0,6|1|0,6|1|0,6|1|1|0,6|1|0,6|1|0,6|1|0,6|1|0,6|1|0,6|1|0,6|1|0,6|1|0,6|1|0,6|1|0,6|1|0,6|1|0,6|1|0,6|1|0,6|1|0,6|1|0,6|1|0,6|1|0,6|1|0,6|1|0,6|1|0,6|1|0,6|1|0,6|1|0,6|1|0,6|1|0,6|1|0,6|1|0,6|1|0,6|1|0,6|1|0,6|1|0,6|1|0,6|1|0,6|1|0,6|1|0,6|1|0,6|1|0,6|1|0,6|1|0,6|1|0,6|1|0,6|1|0,6|1|0,6|1|0,6|1|0,6|1|0,6|1|0,6|1|0,6|1|0,6|1|0,6|1|0,6|1|0,6|1|0,6|1|0,6|1|0,6|1|0,6|1|1|0,6|1|0,6|1|0,6|1|0,6|1|0,6|1|0,6|1|0,6|1|0,6|1|0,6|1|0,6|1|0,6|1|0,6|1|0,6|1|0,6|1|0,6|1|0,6|1|0,6|1|0,6|1|0,6|1|0,6|1|0,6|1|0,6|1|0,6|1|0,6|1|0,6|1|0,6|1|0,6|1|0,6|1|0,6|1|0,6|1|0,6|1|0,6|1|0,6|1|0,6|1|0,6|1|0,6|1|0,6|1|0,6|1|0,6|1|0,6|1|0,6|1|0,6|1|0,6|1|0,6|1|0,6|1|0,6|1|0,6|1|0,6|1|0,6|1|0,6|1|0,6|1|0,6|1|0,6|1|0,6|1|0,6|1|0,6|1|0,6|1|0,6|1|1|0,6|1|0,6|1|0,6|1|0,6|1|0,6|1|0,6|1|0,6|1|0,6|1|0,6|1|0,6|1|0,6|1|0,6|1|0,6|1|0,6|1|0,6|1|0,6|1|0,6|1|0,6|1|0,6|1|0,6|1|0,6|1|0,6|1|0,6|1|0,6|1|0,6|1|0,6|1|0,6|1|0,6|1|0,6|1|0,6|1|0,6|1|0,6|1|0,6|1|0,6|1|0,6|1|0,6|1|0,6|1|0,6|1|0,6|1|0,6|1|0,6|1|0,6|1|0,6|1|0,6|1|0,6|1|0,6|1|0,6|1|0,6|1|0,6|1|0,6|1|0,6|1|0,6|1|0,6|1|0,6|1|0,6|1|0,6|1|0,6|1|0,6|1|1|0,6|1|0,6|1|0,6|1|0,6|1|0,6|1|0,6|1|0,6|1|0,6|1|0,6|1|0,6|1|0,6|1|0,6|1|0,6|1|0,6|1|0,6|1|0,6|1|0,6|1|0,6|1|0,6|1|0,6|1|0,6|1|0,6|1|0,6|1|0,6|1|0,6|1|0,6|1|0,6|1|0,6|1|0,6|1|0,6|1|0,6|1|0,6|1|0,6|1|0,6|1|0,6|1|0,6|1|0,6|1|0,6|1|0,6|1|0,6|1|0,6|1|0,6|1|0,6|1|0,6|1|0,6|1|0,6|1|0,6|1|0,6|1|0,6|1|0,6|1|0,6|1|0,6|1|0,6|1|0,6|1|0,6|1|0,6|1|0,6|1|0,6|1|1|0,6|1|0,6|1|0,6|1|0,6|1|0,6|1|0,6|1|0,6|1|0,6|1|0,6|1|0,6|1|0,6|1|0,6|1|0,6|1|0,6|1|0,6|1|0,6|1|0,6|1|0,6|1|0,6|1|0,6|1|0,6|1|0,6|1|0,6|1|0,6|1|0,6|1|0,6|1|0,6|1|0,6|1|0,6|1|0,6|1|0,6|1|0,6|1|0,6|1|0,6|1|0,6|1|0,6|1|0,6|1|0,6|1|0,6|1|0,6|1|0,6|1|0,6|1|0,6|1|0,6|1|0,6|1|0,6|1|0,6|1|0,6|1|0,6|1|0,6|1|0,6|1|0,6|1|0,6|1|0,6|1|0,6|1|0,6|1|0,6|1|0,6|1|1|0,6|1|0,6|1|0,6|1|0,6|1|0,6|1|0,6|1|0,6|1|0,6|1|0,6|1|0,6|1|0,6|1|0,6|1|0,6|1|0,6|1|0,6|1|0,6|1|0,6|1|0,6|1|0,6|1|0,6|1|0,6|1|0,6|1|0,6|1|0,6|1|0,6|1|0,6|1|0,6|1|0,6|1|0,6|1|0,6|1|0,6|1|0,6|1|0,6|1|0,6|1|0,6|1|0,6|1|0,6|1|0,6|1|0,6|1|0,6|1|0,6|1|0,6|1|0,6|1|0,6|1|0,6|1|0,6|1|0,6|1|0,6|1|0,6|1|0,6|1|0,6|1|0,6|1|0,6|1|0,6|1|0,6|1|0,6|1|0,6|1|0,6|1|1|0,6|1|0,6|1|0,6|1|0,6|1|0,6|1|0,6|1|0,6|1|0,6|1|0,6|1|0,6|1|0,6|1|0,6|1|0,6|1|0,6|1|0,6|1|0,6|1|0,6|1|0,6|1|0,6|1|0,6|1|0,6|1|0,6|1|0,6|1|0,6|1|0,6|1|0,6|1|0,6|1|0,6|1|0,6|1|0,6|1|0,6|1|0,6|1|0,6|1|0,6|1|0,6|1|0,6|1|0,6|1|0,6|1|0,6|1|0,6|1|0,6|1|0,6|1|0,6|1|0,6|1|0,6|1|0,6|1|0,6|1|0,6|1|0,6|1|0,6|1|0,6|1|0,6|1|0,6|1|0,6|1|0,6|1|0,6|1|0,6|1|0,6|1|1|0,6|1|0,6|1|0,6|1|0,6|1|0,6|1|0,6|1|0,6|1|0,6|1|0,6|1|0,6|1|0,6|1|0,6|1|0,6|1|0,6|1|0,6|1|0,6|1|0,6|1|0,6|1|0,6|1|0,6|1|0,6|1|0,6|1|0,6|1|0,6|1|0,6|1|0,6|1|0,6|1|0,6|1|0,6|1|0,6|1|0,6|1|0,6|1|0,6|1|0,6|1|0,6|1|0,6|1|0,6|1|0,6|1|0,6|1|0,6|1|0,6|1|0,6|1|0,6|1|0,6|1|0,6|1|0,6|1|0,6|1|0,6|1|0,6|1|0,6|1|0,6|1|0,6|1|0,6|1|0,6|1|0,6|1|0,6|1|0,6|1|0,6|1|1|0,6|1|0,6|1|0,6|1|0,6|1|0,6|1|0,6|1|0,6|1|0,6|1|0,6|1|0,6|1|0,6|1|0,6|1|0,6|1|0,6|1|0,6|1|0,6|1|0,6|1|0,6|1|0,6|1|0,6|1|0,6|1|0,6|1|0,6|1|0,6|1|0,6|1|0,6|1|0,6|1|0,6|1|0,6|1|0,6|1|0,6|1|0,6|1|0,6|1|0,6|1|0,6|1|0,6|1|0,6|1|0,6|1|0,6|1|0,6|1|0,6|1|0,6|1|0,6|1|0,6|1|0,6|1|0,6|1|0,6|1|0,6|1|0,6|1|0,6|1|0,6|1|0,6|1|0,6|1|0,6|1|0,6|1|0,6|1|0,6|1|0,6|1|1|0,6|1|0,6|1|0,6|1|0,6|1|0,6|1|0,6|1|0,6|1|0,6|1|0,6|1|0,6|1|0,6|1|0,6|1|0,6|1|0,6|1|0,6|1|0,6|1|0,6|1|0,6|1|0,6|1|0,6|1|0,6|1|0,6|1|0,6|1|0,6|1|0,6|1|0,6|1|0,6|1|0,6|1|0,6|1|0,6|1|0,6|1|0,6|1|0,6|1|0,6|1|0,6|1|0,6|1|0,6|1|0,6|1|0,6|1|0,6|1|0,6|1|0,6|1|0,6|1|0,6|1|0,6|1|0,6|1|0,6|1|0,6|1|0,6|1|0,6|1|0,6|1|0,6|1|0,6|1|0,6|1|0,6|1|0,6|1|0,6|1|0,6|1|1|0,6|1|0,6|1|0,6|1|0,6|1|0,6|1|0,6|1|0,6|1|0,6|1|0,6|1|0,6|1|0,6|1|0,6|1|0,6|1|0,6|1|0,6|1|0,6|1|0,6|1|0,6|1|0,6|1|0,6|1|0,6|1|0,6|1|0,6|1|0,6|1|0,6|1|0,6|1|0,6|1|0,6|1|0,6|1|0,6|1|0,6|1|0,6|1|0,6|1|0,6|1|0,6|1|0,6|1|0,6|1|0,6|1|0,6|1|0,6|1|0,6|1|0,6|1|0,6|1|0,6|1|0,6|1|0,6|1|0,6|1|0,6|1|0,6|1|0,6|1|0,6|1|0,6|1|0,6|1|0,6|1|0,6|1|0,6|1|0,6|1|0,6|1|1|0,6|1|0,6|1|0,6|1|0,6|1|0,6|1|0,6|1|0,6|1|0,6|1|0,6|1|0,6|1|0,6|1|0,6|1|0,6|1|0,6|1|0,6|1|0,6|1|0,6|1|0,6|1|0,6|1|0,6|1|0,6|1|0,6|1|0,6|1|0,6|1|0,6|1|0,6|1|0,6|1|0,6|1|0,6|1|0,6|1|0,6|1|0,6|1|0,6|1|0,6|1|0,6|1|0,6|1|0,6|1|0,6|1|0,6|1|0,6|1|0,6|1|0,6|1|0,6|1|0,6|1|0,6|1|0,6|1|0,6|1|0,6|1|0,6|1|0,6|1|0,6|1|0,6|1|0,6|1|0,6|1|0,6|1|0,6|1|0,6|1|0,6|1|1|0,6|1|0,6|1|0,6|1|0,6|1|0,6|1|0,6|1|0,6|1|0,6|1|0,6|1|0,6|1|0,6|1|0,6|1|0,6|1|0,6|1|0,6|1|0,6|1|0,6|1|0,6|1|0,6|1|0,6|1|0,6|1|0,6|1|0,6|1|0,6|1|0,6|1|0,6|1|0,6|1|0,6|1|0,6|1|0,6|1|0,6|1|0,6|1|0,6|1|0,6|1|0,6|1|0,6|1|0,6|1|0,6|1|0,6|1|0,6|1|0,6|1|0,6|1|0,6|1|0,6|1|0,6|1|0,6|1|0,6|1|0,6|1|0,6|1|0,6|1|0,6|1|0,6|1|0,6|1|0,6|1|0,6|1|0,6|1|0,6|1|0,6|1|1|0,6|1|0,6|1|0,6|1|0,6|1|0,6|1|0,6|1|0,6|1|0,6|1|0,6|1|0,6|1|0,6|1|0,6|1|0,6|1|0,6|1|0,6|1|0,6|1|0,6|1|0,6|1|0,6|1|0,6|1|0,6|1|0,6|1|0,6|1|0,6|1|0,6|1|0,6|1|0,6|1|0,6|1|0,6|1|0,6|1|0,6|1|0,6|1|0,6|1|0,6|1|0,6|1|0,6|1|0,6|1|0,6|1|0,6|1|0,6|1|0,6|1|0,6|1|0,6|1|0,6|1|0,6|1|0,6|1|0,6|1|0,6|1|0,6|1|0,6|1|0,6|1|0,6|1|0,6|1|0,6|1|0,6|1|0,6|1|0,6|1|0,6|1|1|0,6|1|0,6|1|0,6|1|0,6|1|0,6|1|0,6|1|0,6|1|0,6|1|0,6|1|0,6|1|0,6|1|0,6|1|0,6|1|0,6|1|0,6|1|0,6|1|0,6|1|0,6|1|0,6|1|0,6|1|0,6|1|0,6|1|0,6|1|0,6|1|0,6|1|0,6|1|0,6|1|0,6|1|0,6|1|0,6|1|0,6|1|0,6|1|0,6|1|0,6|1|0,6|1|0,6|1|0,6|1|0,6|1|0,6|1|0,6|1|0,6|1|0,6|1|0,6|1|0,6|1|0,6|1|0,6|1|0,6|1|0,6|1|0,6|1|0,6|1|0,6|1|0,6|1|0,6|1|0,6|1|0,6|1|0,6|1|0,6|1|0,6|1|1|0,6|1|0,6|1|0,6|1|0,6|1|0,6|1|0,6|1|0,6|1|0,6|1|0,6|1|0,6|1|0,6|1|0,6|1|0,6|1|0,6|1|0,6|1|0,6|1|0,6|1|0,6|1|0,6|1|0,6|1|0,6|1|0,6|1|0,6|1|0,6|1|0,6|1|0,6|1|0,6|1|0,6|1|0,6|1|0,6|1|0,6|1|0,6|1|0,6|1|0,6|1|0,6|1|0,6|1|0,6|1|0,6|1|0,6|1|0,6|1|0,6|1|0,6|1|0,6|1|0,6|1|0,6|1|0,6|1|0,6|1|0,6|1|0,6|1|0,6|1|0,6|1|0,6|1|0,6|1|0,6|1|0,6|1|0,6|1|0,6|1|0,6|1|1|0,6|1|0,6|1|0,6|1|0,6|1|0,6|1|0,6|1|0,6|1|0,6|1|0,6|1|0,6|1|0,6|1|0,6|1|0,6|1|0,6|1|0,6|1|0,6|1|0,6|1|0,6|1|0,6|1|0,6|1|0,6|1|0,6|1|0,6|1|0,6|1|0,6|1|0,6|1|0,6|1|0,6|1|0,6|1|0,6|1|0,6|1|0,6|1|0,6|1|0,6|1|0,6|1|0,6|1|0,6|1|0,6|1|0,6|1|0,6|1|0,6|1|0,6|1|0,6|1|0,6|1|0,6|1|0,6|1|0,6|1|0,6|1|0,6|1|0,6|1|0,6|1|0,6|1|0,6|1|0,6|1|0,6|1|0,6|1|0,6|1|0,6|1|1|0,6|1|0,6|1|0,6|1|0,6|1|0,6|1|0,6|1|0,6|1|0,6|1|0,6|1|0,6|1|0,6|1|0,6|1|0,6|1|0,6|1|0,6|1|0,6|1|0,6|1|0,6|1|0,6|1|0,6|1|0,6|1|0,6|1|0,6|1|0,6|1|0,6|1|0,6|1|0,6|1|0,6|1|0,6|1|0,6|1|0,6|1|0,6|1|0,6|1|0,6|1|0,6|1|0,6|1|0,6|1|0,6|1|0,6|1|0,6|1|0,6|1|0,6|1|0,6|1|0,6|1|0,6|1|0,6|1|0,6|1|0,6|1|0,6|1|0,6|1|0,6|1|0,6|1|0,6|1|0,6|1|0,6|1|0,6|1|0,6|1|0,6|1|1|0,6|1|0,6|1|0,6|1|0,6|1|0,6|1|0,6|1|0,6|1|0,6|1|0,6|1|0,6|1|0,6|1|0,6|1|0,6|1|0,6|1|0,6|1|0,6|1|0,6|1|0,6|1|0,6|1|0,6|1|0,6|1|0,6|1|0,6|1|0,6|1|0,6|1|0,6|1|0,6|1|0,6|1|0,6|1|0,6|1|0,6|1|0,6|1|0,6|1|0,6|1|0,6|1|0,6|1|0,6|1|0,6|1|0,6|1|0,6|1|0,6|1|0,6|1|0,6|1|0,6|1|0,6|1|0,6|1|0,6|1|0,6|1|0,6|1|0,6|1|0,6|1|0,6|1|0,6|1|0,6|1|0,6|1|0,6|1|0,6|1|0,6|1|1|0,6|1|0,6|1|0,6|1|0,6|1|0,6|1|0,6|1|0,6|1|0,6|1|0,6|1|0,6|1|0,6|1|0,6|1|0,6|1|0,6|1|0,6|1|0,6|1|0,6|1|0,6|1|0,6|1|0,6|1|0,6|1|0,6|1|0,6|1|0,6|1|0,6|1|0,6|1|0,6|1|0,6|1|0,6|1|0,6|1|0,6|1|0,6|1|0,6|1|0,6|1|0,6|1|0,6|1|0,6|1|0,6|1|0,6|1|0,6|1|0,6|1|0,6|1|0,6|1|0,6|1|0,6|1|0,6|1|0,6|1|0,6|1|0,6|1|0,6|1|0,6|1|0,6|1|0,6|1|0,6|1|0,6|1|0,6|1|0,6|1|0,6|1|1|0,6|1|0,6|1|0,6|1|0,6|1|0,6|1|0,6|1|0,6|1|0,6|1|0,6|1|0,6|1|0,6|1|0,6|1|0,6|1|0,6|1|0,6|1|0,6|1|0,6|1|0,6|1|0,6|1|0,6|1|0,6|1|0,6|1|0,6|1|0,6|1|0,6|1|0,6|1|0,6|1|0,6|1|0,6|1|0,6|1|0,6|1|0,6|1|0,6|1|0,6|1|0,6|1|0,6|1|0,6|1|0,6|1|0,6|1|0,6|1|0,6|1|0,6|1|0,6|1|0,6|1|0,6|1|0,6|1|0,6|1|0,6|1|0,6|1|0,6|1|0,6|1|0,6|1|0,6|1|0,6|1|0,6|1|0,6|1|0,6|1|0,6|1|1|0,6|1|0,6|1|0,6|1|0,6|1|0,6|1|0,6|1|0,6|1|0,6|1|0,6|1|0,6|1|0,6|1|0,6|1|0,6|1|0,6|1|0,6|1|0,6|1|0,6|1|0,6|1|0,6|1|0,6|1|0,6|1|0,6|1|0,6|1|0,6|1|0,6|1|0,6|1|0,6|1|0,6|1|0,6|1|0,6|1|0,6|1|0,6|1|0,6|1|0,6|1|0,6|1|0,6|1|0,6|1|0,6|1|0,6|1|0,6|1|0,6|1|0,6|1|0,6|1|0,6|1|0,6|1|0,6|1|0,6|1|0,6|1|0,6|1|0,6|1|0,6|1|0,6|1|0,6|1|0,6|1|0,6|1|0,6|1|0,6|1|0,6|1|1|0,6|1|0,6|1|0,6|1|0,6|1|0,6|1|0,6|1|0,6|1|0,6|1|0,6|1|0,6|1|0,6|1|0,6|1|0,6|1|0,6|1|0,6|1|0,6|1|0,6|1|0,6|1|0,6|1|0,6|1|0,6|1|0,6|1|0,6|1|0,6|1|0,6|1|0,6|1|0,6|1|0,6|1|0,6|1|0,6|1|0,6|1|0,6|1|0,6|1|0,6|1|0,6|1|0,6|1|0,6|1|0,6|1|0,6|1|0,6|1|0,6|1|0,6|1|0,6|1|0,6|1|0,6|1|0,6|1|0,6|1|0,6|1|0,6|1|0,6|1|0,6|1|0,6|1|0,6|1|0,6|1|0,6|1|0,6|1|0,6|1|0,6|1|1|0,6|1|0,6|1|0,6|1|0,6|1|0,6|1|0,6|1|0,6|1|0,6|1|0,6|1|0,6|1|0,6|1|0,6|1|0,6|1|0,6|1|0,6|1|0,6|1|0,6|1|0,6|1|0,6|1|0,6|1|0,6|1|0,6|1|0,6|1|0,6|1|0,6|1|0,6|1|0,6|1|0,6|1|0,6|1|0,6|1|0,6|1|0,6|1|0,6|1|0,6|1|0,6|1|0,6|1|0,6|1|0,6|1|0,6|1|0,6|1|0,6|1|0,6|1|0,6|1|0,6|1|0,6|1|0,6|1|0,6|1|0,6|1|0,6|1|0,6|1|0,6|1|0,6|1|0,6|1|0,6|1|0,6|1|0,6|1|0,6|1|0,6|1|1|0,6|1|0,6|1|0,6|1|0,6|1|0,6|1|0,6|1|0,6|1|0,6|1|0,6|1|0,6|1|0,6|1|0,6|1|0,6|1|0,6|1|0,6|1|0,6|1|0,6|1|0,6|1|0,6|1|0,6|1|0,6|1|0,6|1|0,6|1|0,6|1|0,6|1|0,6|1|0,6|1|0,6|1|0,6|1|0,6|1|0,6|1|0,6|1|0,6|1|0,6|1|0,6|1|0,6|1|0,6|1|0,6|1|0,6|1|0,6|1|0,6|1|0,6|1|0,6|1|0,6|1|0,6|1|0,6|1|0,6|1|0,6|1|0,6|1|0,6|1|0,6|1|0,6|1|0,6|1|0,6|1|0,6|1|0,6|1|0,6|1|0,6|1|1|0,6|0,6|0,6|1|0,6|0,6|0,6|1|0,6|0,6|0,6|1|0,6|0,6|0,6|1|0,6|0,6|0,6|1|0,6|0,6|0,6|1|0,6|0,6|0,6|1|0,6|0,6|0,6|1|0,6|0,6|0,6|1|0,6|0,6|0,6|1|0,6|0,6|0,6|1|0,6|0,6|0,6|1|0,6|0,6|0,6|1|0,6|0,6|0,6|1|0,6|0,6|0,6|1|0,6|0,6|0,6|1|0,6|0,6|0,6|1|0,6|0,6|0,6|1|0,6|0,6|0,6|1|0,6|0,6|0,6|1|0,6|0,6|0,6|1|0,6|0,6|0,6|1|0,6|0,6|0,6|1|0,6|0,6|0,6|1|0,6|0,6|0,6|1|0,6|0,6|0,6|1|0,6|0,6|0,6|1|0,6|0,6|0,6|1|0,6|0,6|0,6|1|1|1|1|1|1|1|1|1|1|1|1|1|1|1|1|1|1|1|1|1|1|1|1|1|1|1|1|1|1|1|1|1|1|1|1|1|1|1|1|1|1|1|1|1|1|1|1|1|1|1|1|1|1|1|1|1|1|1|1|1|1|1|1|1|1|1|1|1|1|1|1|1|1|1|1|1|1|1|1|1|1|1|1|1|1|1|1|1|1|1|1|1|1|1|1|1|1|1|1|1|1|1|1|1|1|1|1|1|1|1|1|1|1|1|1|1|1|
camera angles:0,0;0,0;0,0;0,0|0,0;0,0;0,0;0,0|0,0;0,0;0,0;0,0|0,0;0,0;0,0;0,0|0,0;0,0;0,0;0,0|0,0;0,0;0,0;0,0|0,0;0,0;0,0;0,0|0,0;0,0;0,0;0,0|0,0;0,0;0,0;0,0
